theta s11 s12 s13 s14 s21 s22 s23 s24 s31 s32 s33 s34 s41 s42 s43 s44
0.00 7.4013712473E-06 0.0000000000E+00 0.0000000000E+00 -2.8559020523E-10 0.0000000000E+00 7.4013712260E-06 4.8376423996E-10 0.0000000000E+00 0.0000000000E+00 -4.8376423996E-10 7.4013712260E-06 0.0000000000E+00 -2.8559020523E-10 0.0000000000E+00 0.0000000000E+00 7.4013712473E-06
1.00 7.3928488294E-06 -1.1207965310E-09 1.1449307644E-11 -2.9236379587E-10 -1.1207958690E-09 7.3928488077E-06 4.8502595438E-10 2.3387811931E-12 1.1527007051E-11 -4.8502766298E-10 7.3928487220E-06 -1.0536146795E-10 -2.9236328041E-10 -2.3013697755E-12 1.0536086142E-10 7.3928487437E-06
2.00 7.3673333448E-06 -4.4650782623E-09 2.2760947518E-11 -2.9796407640E-10 -4.4650769456E-09 7.3673333227E-06 4.8571184226E-10 4.8785075862E-12 2.3072074274E-11 -4.8572546120E-10 7.3673319580E-06 -4.1415692343E-10 -2.9795987791E-10 -4.7252282429E-12 4.1415568003E-10 7.3673319800E-06
3.00 7.3249847181E-06 -9.9892334195E-09 3.3856750229E-11 -3.0235717696E-10 -9.9892314591E-09 7.3249846957E-06 4.8580746639E-10 7.6471547578E-12 3.4557394291E-11 -4.8585317361E-10 7.3249778263E-06 -9.2321151168E-10 -3.0234267645E-10 -7.2960658035E-12 9.2320960417E-10 7.3249778486E-06
4.00 7.2660678214E-06 -1.7621287228E-08 4.4660127905E-11 -3.0551878960E-10 -1.7621284638E-08 7.2660677986E-06 4.8529834817E-10 1.0668961567E-11 4.5905599214E-11 -4.8540584736E-10 7.2660462494E-06 -1.6272863366E-09 -3.0548354091E-10 -1.0036773139E-11 1.6272837411E-09 7.2660462719E-06
5.00 7.1909499928E-06 -2.7261945366E-08 5.5096871234E-11 -3.0743456136E-10 -2.7261942166E-08 7.1909499697E-06 4.8417032128E-10 1.3963724605E-11 5.7040521168E-11 -4.8437816930E-10 7.1908978514E-06 -2.5191413456E-09 -3.0736386806E-10 -1.2967976950E-11 2.5191380419E-09 7.1908978741E-06
6.00 7.1000976036E-06 -3.8786031546E-08 6.5095933741E-11 -3.0810038317E-10 -3.8786027756E-08 7.1000975802E-06 4.8240992088E-10 1.7546170138E-11 6.7887942101E-11 -4.8276464494E-10 7.0999907332E-06 -3.5896221102E-09 -3.0797484519E-10 -1.6107411338E-11 3.5896180817E-09 7.0999907559E-06
7.00 6.9940717148E-06 -5.2044296477E-08 7.4590193286E-11 -3.0752256589E-10 -5.2044292123E-08 6.9940716911E-06 4.8000479989E-10 2.1425417874E-11 7.8376324928E-11 -4.8055982083E-10 6.9938763865E-06 -4.8277693200E-09 -3.0731761622E-10 -1.9469338178E-11 4.8277645541E-09 6.9938764093E-06
8.00 6.8735228730E-06 -6.6865569627E-08 8.3517180666E-11 -3.0571789698E-10 -6.6865564738E-08 6.8735228490E-06 4.7694416264E-10 2.5604549161E-11 8.8437518192E-11 -4.7775854496E-10 6.8731947928E-06 -6.2209495036E-09 -3.0540335112E-10 -2.3064028942E-11 6.2209439914E-09 6.8731948156E-06
9.00 6.7391851079E-06 -8.3059219827E-08 9.1819765322E-11 -3.0271357212E-10 -8.3059214433E-08 6.7391850837E-06 4.7321920607E-10 3.0080290255E-11 9.8007426640E-11 -4.7435625924E-10 6.7386687579E-06 -7.7550052036E-09 -3.0225321500E-10 -2.6897319252E-11 7.7549989404E-09 6.7386687807E-06
10.00 6.5918692005E-06 -1.0041788597E-07 9.9446788337E-11 -2.9854699880E-10 -1.0041788011E-07 6.5918691762E-06 4.6882355795E-10 3.4842819045E-11 1.0702664037E-10 -4.7034931715E-10 6.5910975463E-06 -9.4144225838E-09 -2.9789823466E-10 -3.0970246077E-11 9.4144155687E-09 6.5910975689E-06
11.00 6.4324553010E-06 -1.1872043493E-07 1.0635363336E-10 -2.9326547038E-10 -1.1872042863E-07 6.4324552764E-06 4.6375370187E-10 3.9875701183E-11 1.1544101554E-10 -4.6573531932E-10 6.4313498822E-06 -1.1182514214E-08 -2.9237906136E-10 -3.5278775914E-11 1.1182506450E-08 6.4313499046E-06
12.00 6.2618849810E-06 -1.3773510028E-07 1.1250272661E-10 -2.8692571159E-10 -1.3773509358E-07 6.2618849564E-06 4.5800937854E-10 4.5155958949E-11 1.2320220001E-10 -4.6051345906E-10 6.2603563942E-06 -1.3041614594E-08 -2.8574563000E-10 -3.9813630542E-11 1.3041606088E-08 6.2603564163E-06
13.00 6.0811528133E-06 -1.5722275298E-07 1.1786395784E-10 -2.7959329857E-10 -1.5722274592E-07 6.0811527886E-06 4.5159395341E-10 5.0654273493E-11 1.3026809791E-10 -4.5468486989E-10 6.0791015836E-06 -1.4973285820E-08 -2.7805671602E-10 -4.4560215059E-11 1.4973276582E-08 6.0791016054E-06
14.00 5.8912975728E-06 -1.7694025304E-07 1.2241501509E-10 -2.7134195892E-10 -1.7694024565E-07 5.8912975480E-06 4.4451474120E-10 5.6335318317E-11 1.3660326743E-10 -4.4825296673E-10 5.8886154039E-06 -1.6958530680E-08 -2.6937939289E-10 -4.9498650944E-11 1.6958520725E-08 5.8886154253E-06
15.00 5.6933931604E-06 -1.9664383040E-07 1.2614162694E-10 -2.6225275947E-10 -1.9664382273E-07 5.6933931356E-06 4.3678327855E-10 6.2158219124E-11 1.4217924702E-10 -4.4122377251E-10 5.6899645394E-06 -1.8978010403E-08 -2.5978839452E-10 -5.4603914836E-11 1.8977999747E-08 5.6899645604E-06
16.00 5.4885393521E-06 -2.1609244317E-07 1.2903770732E-10 -2.5241319160E-10 -2.1609243525E-07 5.4885393273E-06 4.2841553692E-10 6.8077132480E-11 1.4697480576E-10 -4.3360622213E-10 5.4842434769E-06 -2.1012264225E-08 -2.4936538812E-10 -5.9846081654E-11 2.1012252889E-08 5.4842434974E-06
17.00 5.2778524736E-06 -2.3505106182E-07 1.3110539909E-10 -2.4191616621E-10 -2.3505105370E-07 5.2778524489E-06 4.1943206919E-10 7.4041933186E-11 1.5097611443E-10 -4.2541243620E-10 5.2725654636E-06 -2.3041927972E-08 -2.3819816463E-10 -6.5190668647E-11 2.3041915979E-08 5.2725654836E-06
18.00 5.0624561061E-06 -2.5329382996E-07 1.3235501417E-10 -2.3085893213E-10 -2.5329382166E-07 5.0624560814E-06 4.0985808435E-10 7.9998997894E-11 1.5417683462E-10 -4.1665795700E-10 5.0560534452E-06 -2.5047948887E-08 -2.2637975512E-10 -7.0599074950E-11 2.5047936262E-08 5.0560534647E-06
19.00 4.8434719206E-06 -2.7060705428E-07 1.3280486927E-10 -2.1934193365E-10 -2.7060704584E-07 4.8434718961E-06 3.9972344637E-10 8.5892070373E-11 1.5657812422E-10 -4.0736194035E-10 4.8358310789E-06 -2.7011794010E-08 -2.1400748294E-10 -7.6029109329E-11 2.7011780782E-08 4.8358310977E-06
20.00 4.6220107408E-06 -2.8679197975E-07 1.3248101801E-10 -2.0746762410E-10 -2.8679197120E-07 4.6220107164E-06 3.8906259449E-10 9.1663191986E-11 1.5818855851E-10 -3.9754729727E-10 4.6130139107E-06 -2.8915649572E-08 -2.0118196235E-10 -8.1435597018E-11 2.8915635768E-08 4.6130139289E-06
21.00 4.3991639254E-06 -3.0166731004E-07 1.3141688188E-10 -1.9533925370E-10 -3.0166730141E-07 4.3991639012E-06 3.7791438415E-10 9.7253679454E-11 1.5902396694E-10 -3.8724078046E-10 4.3887008087E-06 -3.0742608964E-08 -1.8800605558E-10 -8.6771054960E-11 3.0742594617E-08 4.3887008262E-06
22.00 4.1759951580E-06 -3.1507143742E-07 1.2965278379E-10 -1.8305965050E-10 -3.1507142873E-07 4.1759951340E-06 3.6632184903E-10 1.0260513083E-10 1.5910718694E-10 -3.7647301163E-10 4.1639657344E-06 -3.2476847104E-08 -1.7458380127E-10 -9.1986423322E-11 3.2476832247E-08 4.1639657511E-06
23.00 3.9535327256E-06 -3.2686435186E-07 1.2723538999E-10 -1.7073001386E-10 -3.2686434313E-07 3.9535327018E-06 3.5433188649E-10 1.0766043984E-10 1.5846773694E-10 -3.6527844657E-10 3.9398499320E-06 -3.4103779170E-08 -1.6101932758E-10 -9.7031839998E-11 3.4103763835E-08 3.9398499479E-06
24.00 3.7327623576E-06 -3.3692920446E-07 1.2421706732E-10 -1.5844873977E-10 -3.3692919573E-07 3.7327623340E-06 3.4199487028E-10 1.1236479857E-10 1.5714141200E-10 -3.5369527608E-10 3.7173546107E-06 -3.5610201952E-08 -1.4741576415E-10 -1.0185744386E-10 3.5610186174E-08 3.7173546259E-06
25.00 3.5146206913E-06 -3.4517350628E-07 1.2065516449E-10 -1.4631029710E-10 -3.4517349754E-07 3.5146206680E-06 3.2936419588E-10 1.1666666827E-10 1.5516980625E-10 -3.4176526220E-10 3.4974341850E-06 -3.6984416330E-08 -1.3387416723E-10 -1.0641419190E-10 3.6984400144E-08 3.4974341994E-06
26.00 3.2999894177E-06 -3.5152994982E-07 1.1661122728E-10 -1.3440417294E-10 -3.5152994109E-07 3.2999893946E-06 3.1649576550E-10 1.2051869905E-10 1.5259976766E-10 -3.2953351009E-10 3.2809901320E-06 -3.8216329643E-08 -1.2049247228E-10 -1.1065467487E-10 3.8216313083E-08 3.2809901455E-06
27.00 3.0896901536E-06 -3.5595684701E-07 1.1215015887E-10 -1.2281390432E-10 -3.5595683829E-07 3.0896901307E-06 3.0344742072E-10 1.2387857982E-10 1.4948279146E-10 -3.1704817739E-10 3.0688655177E-06 -3.9297537032E-08 -1.0736448844E-10 -1.1453391630E-10 3.9297520132E-08 3.0688655304E-06
28.00 2.8844800756E-06 -3.5843818357E-07 1.0733933768E-10 -1.1161621181E-10 -3.5843817486E-07 2.8844800530E-06 2.9027833245E-10 1.2670980126E-10 1.4587435945E-10 -3.0436012400E-10 2.8618402332E-06 -4.0221381110E-08 -9.4578948439E-11 -1.1801013952E-10 4.0221363905E-08 2.8618402450E-06
29.00 2.6850483402E-06 -3.5898329618E-07 1.0224770564E-10 -1.0088024886E-10 -3.5898328749E-07 2.6850483178E-06 2.7704835852E-10 1.2898231673E-10 1.4183323343E-10 -2.9152250627E-10 2.6606269733E-06 -4.0982989632E-08 -8.2218627420E-11 -1.2104548817E-10 4.0982972156E-08 2.6606269843E-06
30.00 2.4920133038E-06 -3.5762618495E-07 9.6944840929E-11 -9.0666978455E-11 -3.5762617626E-07 2.4920132816E-06 2.6381738015E-10 1.3067308749E-10 1.3742071164E-10 -2.7859032101E-10 2.4658679819E-06 -4.1579291128E-08 -7.0359542641E-11 -1.2360668657E-10 4.1579273412E-08 2.4658679921E-06
31.00 2.3059205470E-06 -3.5442447923E-07 9.1500029250E-11 -8.1028686414E-11 -3.5442447054E-07 2.3059205251E-06 2.5064462929E-10 1.3176650158E-10 1.3269985783E-10 -2.6561990538E-10 2.2781325758E-06 -4.2009008744E-08 -5.9070245400E-11 -1.2566562690E-10 4.2008990822E-08 2.2781325851E-06
32.00 2.1272416957E-06 -3.4945808062E-07 8.5981348125E-11 -7.2008637779E-11 -3.4945807192E-07 2.1272416740E-06 2.3758801883E-10 1.3225465809E-10 1.2773471308E-10 -2.5266839993E-10 2.0979154526E-06 -4.2272632851E-08 -4.8411214929E-11 -1.2719987215E-10 4.2272614753E-08 2.0979154610E-06
33.00 1.9563740226E-06 -3.4282751141E-07 8.0454778501E-11 -6.3640880261E-11 -3.4282750269E-07 1.9563740010E-06 2.2470348814E-10 1.3213751122E-10 1.2258950094E-10 -2.3979318274E-10 1.9256357762E-06 -4.2372373209E-08 -3.8434362548E-11 -1.2819306497E-10 4.2372354965E-08 1.9256357837E-06
34.00 1.7936408026E-06 -3.3465200128E-07 7.4983357638E-11 -5.5950195615E-11 -3.3465199252E-07 1.7936407812E-06 2.1204437595E-10 1.3142287180E-10 1.1732783674E-10 -2.2705128339E-10 1.7616370248E-06 -4.2312091757E-08 -2.9182652695E-11 -1.2863523427E-10 4.2312073395E-08 1.7616370315E-06
35.00 1.6392923883E-06 -3.2506734856E-07 6.9626386647E-11 -4.8952197042E-11 -3.2506733975E-07 1.6392923670E-06 1.9966083232E-10 1.3012626679E-10 1.1201195193E-10 -2.1449878578E-10 1.6061875783E-06 -4.2097217327E-08 -2.0689845612E-11 -1.2852299384E-10 4.2097198875E-08 1.6061875842E-06
36.00 1.4935079608E-06 -3.1422359540E-07 6.4438705135E-11 -4.2653567822E-11 -3.1422358652E-07 1.4935079397E-06 1.8759928062E-10 1.2827066003E-10 1.0670194438E-10 -2.0219022945E-10 1.4594820127E-06 -4.1734643772E-08 -1.2980364535E-11 -1.2785962874E-10 4.1734625256E-08 1.4594820177E-06
37.00 1.3563979082E-06 -3.0228255799E-07 5.9470044314E-11 -3.7052433662E-11 -3.0228254903E-07 1.3563978872E-06 1.7590193961E-10 1.2588604093E-10 1.0145506516E-10 -1.9017801905E-10 1.3216430613E-06 -4.1232613208E-08 -6.0692882402E-12 -1.2665506790E-10 4.1232594652E-08 1.3216430656E-06
38.00 1.2280067731E-06 -2.8941525483E-07 5.4764468571E-11 -3.2138858639E-11 -2.8941524576E-07 1.2280067521E-06 1.6460641448E-10 1.2300888986E-10 9.6325052064E-11 -1.7851185165E-10 1.1927241973E-06 -4.0600586197E-08 3.7532215297E-14 -1.2492574316E-10 4.0600567624E-08 1.1927242009E-06
39.00 1.1083167104E-06 -2.7579927608E-07 5.0359913929E-11 -2.7895452302E-11 -2.7579926690E-07 1.1083166895E-06 1.5374536436E-10 1.1968153219E-10 9.1361519484E-11 -1.6723817134E-10 1.0727127836E-06 -3.9849100856E-08 5.3432357532E-12 -1.2269433759E-10 3.9849082288E-08 1.0727127864E-06
40.00 9.9725138842E-07 -2.6161613729E-07 4.6287830098E-11 -2.4298073460E-11 -2.6161612799E-07 9.9725136757E-07 1.4334625219E-10 1.1595139462E-10 8.6609413373E-11 -1.5639966025E-10 9.6153373213E-07 -3.8989622952E-08 9.8595976762E-12 -1.1998942773E-10 3.8989604410E-08 9.6153373427E-07
41.00 8.9468026601E-07 -2.4704865938E-07 4.2572930933E-11 -2.1316614414E-11 -2.4704864994E-07 8.9468024520E-07 1.3343118133E-10 1.1187017971E-10 8.2108539269E-11 -1.4603477464E-10 8.5905361107E-07 -3.8034389113E-08 1.3606567243E-11 -1.1684502664E-10 3.8034370616E-08 8.5905361254E-07
42.00 8.0042317557E-07 -2.3227841534E-07 3.9233056129E-11 -1.8915848125E-11 -2.3227840577E-07 8.0042315478E-07 1.2401682115E-10 1.0749297596E-10 7.7893170146E-11 -1.3617733366E-10 7.6508513331E-07 -3.6996245335E-08 1.6611705191E-11 -1.1330003666E-10 3.6996226900E-08 7.6508513414E-07
43.00 7.1425514148E-07 -2.1748328162E-07 3.6279144931E-11 -1.7056319836E-11 -2.1748327191E-07 7.1425512072E-07 1.1511442239E-10 1.0287732176E-10 7.3991739678E-11 -1.2685616797E-10 6.7939195897E-07 -3.5888482944E-08 1.8909531554E-11 -1.0939762220E-10 3.5888464590E-08 6.7939195921E-07
44.00 6.3591136388E-07 -2.0283512908E-07 3.3715320593E-11 -1.5695264179E-11 -2.0283511922E-07 6.3591134313E-07 1.0672992081E-10 9.8082242607E-11 7.0426625147E-11 -1.1809483396E-10 6.0169374250E-07 -3.4724674185E-08 2.0540795537E-11 -1.0518451480E-10 3.4724655926E-08 6.0169374218E-07
45.00 5.6509229890E-07 -1.8849768499E-07 3.1539082239E-11 -1.4787528755E-11 -1.8849767499E-07 5.6509227816E-07 9.8864126054E-11 9.3167280850E-11 6.7214022797E-11 -1.0991139837E-10 5.3167135504E-07 -3.3518509500E-08 2.1551680333E-11 -1.0071026373E-10 3.3518491352E-08 5.3167135420E-07
46.00 5.0146876925E-07 -1.7462459358E-07 2.9741598849E-11 -1.4286485530E-11 -1.7462458345E-07 5.0146874853E-07 9.1512990745E-11 8.8191537246E-11 6.4363916913E-11 -1.0231829692E-10 4.6897221359E-07 -3.2283638545E-08 2.1992956723E-11 -9.6026446391E-11 3.2283620522E-08 4.6897221226E-07
47.00 4.4468704210E-07 -1.6135769806E-07 2.8308098203E-11 -1.4144912219E-11 -1.6135768780E-07 4.4468702141E-07 8.4667953122E-11 8.3212743019E-11 6.1880142369E-11 -9.5322269061E-11 4.1321564983E-07 -3.1033516822E-08 2.1919099908E-11 -9.1185853632E-11 3.1033498936E-08 4.1321564806E-07
48.00 3.9437381512E-07 -1.4882556271E-07 2.7218341954E-11 -1.4315827009E-11 -1.4882555235E-07 3.9437379447E-07 7.8316345108E-11 7.8286379935E-11 5.9760538798E-11 -8.8924369690E-11 3.6399825443E-07 -2.9781259711E-08 2.1387384416E-11 -8.6241665322E-11 2.9781241975E-08 3.6399825225E-07
49.00 3.5014105667E-07 -1.3714224873E-07 2.6447176462E-11 -1.4753261562E-11 -1.3714223828E-07 3.5014103606E-07 7.2441856270E-11 7.3464864587E-11 5.7997193029E-11 -8.3120057433E-11 3.2089913577E-07 -2.8539505533E-08 2.0456972001E-11 -8.1246631648E-11 2.8539487960E-08 3.2089913322E-07
50.00 3.1159065096E-07 -1.2640635256E-07 2.5965147772E-11 -1.5412959101E-11 -1.2640634205E-07 3.1159063043E-07 6.7025043092E-11 6.8796811277E-11 5.6576764887E-11 -7.7899357453E-11 2.8348503633E-07 -2.7320289079E-08 1.9188007226E-11 -7.6252275317E-11 2.7320271678E-08 2.8348503346E-07
51.00 2.7831880521E-07 -1.1670031091E-07 2.5739168099E-11 -1.6252986579E-11 -1.1670030036E-07 2.7831878477E-07 6.2043872118E-11 6.4326385824E-11 5.5480890072E-11 -7.3247095682E-11 2.5131525451E-07 -2.6134926872E-08 1.7640734981E-11 -7.1308129280E-11 2.6134909655E-08 2.5131525136E-07
52.00 2.4992018138E-07 -1.0808997159E-07 2.5733220438E-11 -1.7234252247E-11 -1.0808996103E-07 2.4992016106E-07 5.7474284921E-11 6.0092760357E-11 5.4686652512E-11 -6.9143199994E-11 2.2394632516E-07 -2.4993915248E-08 1.5874653389E-11 -6.6461023672E-11 2.4993898225E-08 2.2394632176E-07
53.00 2.2599172181E-07 -1.0062442521E-07 2.5909087484E-11 -1.8320922498E-11 -1.0062441467E-07 2.2599170163E-07 5.3290772633E-11 5.6129676620E-11 5.4167117390E-11 -6.5563062724E-11 2.0093641758E-07 -2.3906842078E-08 1.3947714607E-11 -6.1754434538E-11 2.3906825259E-08 2.0093641397E-07
54.00 2.0613614416E-07 -9.4336088262E-08 2.6227090909E-11 -1.9480734425E-11 -9.4336077773E-08 2.0613612416E-07 4.9466947728E-11 5.2465122815E-11 5.3891915079E-11 -6.2477957928E-11 1.8184941593E-07 -2.2882312807E-08 1.1915584766E-11 -5.7227905453E-11 2.2882296201E-08 1.8184941215E-07
55.00 1.8996508737E-07 -8.9241024435E-08 2.6646827198E-11 -2.0685203120E-11 -8.9241014036E-08 1.8996506758E-07 4.5976101088E-11 4.9121126312E-11 5.3827865358E-11 -5.9855505868E-11 1.6625865313E-07 -2.1927891214E-08 9.8309729335E-12 -5.2916551557E-11 2.1927874830E-08 1.6625864922E-07
56.00 1.7710189675E-07 -8.5339487624E-08 2.7127886710E-11 -2.1909725328E-11 -8.5339477350E-08 1.7710187719E-07 4.2791732977E-11 4.6113662002E-11 5.3939630676E-11 -5.7660176517E-11 1.5375027556E-07 -2.1050055115E-08 7.7430373789E-12 -4.8850653655E-11 2.1050038963E-08 1.5375027155E-07
57.00 1.6718404199E-07 -8.2616667013E-08 2.7630543361E-11 -2.3133583424E-11 -8.2616656904E-08 1.6718402270E-07 3.9888047381E-11 4.3452673543E-11 5.4190386849E-11 -5.5853823318E-11 1.4392622230E-07 -2.0254167000E-08 5.6968757619E-12 -4.5055348124E-11 2.0254151088E-08 1.4392621823E-07
58.00 1.5986516775E-07 -8.1043612309E-08 2.8116403317E-11 -2.4339855969E-11 -8.1043602401E-08 1.5986514877E-07 3.7240400311E-11 4.1142202403E-11 5.4542499367E-11 -5.4396238093E-11 1.3640680886E-07 -1.9544459399E-08 3.7331040867E-12 -4.1550416297E-11 1.9544443736E-08 1.3640680477E-07
59.00 1.5481678163E-07 -8.0578315186E-08 2.8549002306E-11 -2.5515243055E-11 -8.0578305519E-08 1.5481676299E-07 3.4825693936E-11 3.9180617436E-11 5.4958193581E-11 -5.3245717806E-11 1.3083291111E-07 -1.8924034565E-08 1.8875274625E-12 -3.8350174927E-11 1.8924019159E-08 1.3083290703E-07
60.00 1.5172958893E-07 -8.1166921689E-08 2.8894342562E-11 -2.6649816398E-11 -8.1166912300E-08 1.5172957066E-07 3.2622709928E-11 3.7560935849E-11 5.5400207314E-11 -5.2359633941E-11 1.2686775095E-07 -1.8394877904E-08 1.9090390322E-13 -3.5463467217E-11 1.8394862764E-08 1.2686774690E-07
61.00 1.5031448832E-07 -8.2745049458E-08 2.9121361979E-11 -2.7736705491E-11 -8.2745040384E-08 1.5031447045E-07 3.0612376999E-11 3.6271224798E-11 5.5832414951E-11 -5.1694995445E-11 1.2419829067E-07 -1.7957884381E-08 -1.3311993651E-12 -3.2893751927E-11 1.7957869514E-08 1.2419828667E-07
62.00 1.5030324558E-07 -8.5239183362E-08 2.9202329732E-11 -2.8771732189E-11 -8.5239174638E-08 1.5030322814E-07 2.8777969311E-11 3.5295071592E-11 5.6220412792E-11 -5.1208996579E-11 1.2253624757E-07 -1.7612896998E-08 -2.6584593103E-12 -3.0639286075E-11 1.7612882413E-08 1.2253624367E-07
63.00 1.5144886646E-07 -8.8568123288E-08 2.9113164355E-11 -2.9753006790E-11 -8.8568114948E-08 1.5144884948E-07 2.7105234193E-11 3.4612109523E-11 5.6532056382E-11 -5.0859541592E-11 1.2161874504E-07 -1.7358756326E-08 -3.7757640086E-12 -2.8693394993E-11 1.7358742031E-08 1.2161874125E-07
64.00 1.5352569159E-07 -9.2644458530E-08 2.8833672040E-11 -3.0680498952E-11 -9.2644450605E-08 1.5352567510E-07 2.5582449320E-11 3.4198585786E-11 5.6737941603E-11 -5.0605738785E-11 1.2120861992E-07 -1.7193359910E-08 -4.6730982936E-12 -2.7044821885E-11 1.7193345912E-08 1.2120861627E-07
65.00 1.5632923874E-07 -9.7376044272E-08 2.8347704649E-11 -3.1555596744E-11 -9.7376036792E-08 1.5632922275E-07 2.4200411210E-11 3.4027957710E-11 5.6811822562E-11 -5.0408357426E-11 1.2109440948E-07 -1.7113730344E-08 -5.3453546278E-12 -2.5678147606E-11 1.7113716652E-08 1.2109440598E-07
66.00 1.5967581896E-07 -1.0266745719E-07 2.7643238618E-11 -3.2380666728E-11 -1.0266745018E-07 1.5967580349E-07 2.2952358453E-11 3.4071503636E-11 5.6730960688E-11 -5.0230241840E-11 1.2109004383E-07 -1.7116090688E-08 -5.7920767492E-12 -2.4574270240E-11 1.7116077309E-08 1.2109004050E-07
67.00 1.6340195405E-07 -1.0842140896E-07 2.6712377503E-11 -3.3158627215E-11 -1.0842140245E-07 1.6340193912E-07 2.1833834562E-11 3.4298935249E-11 5.6476400845E-11 -5.0036678047E-11 1.2103427194E-07 -1.7195945885E-08 -6.0171445088E-12 -2.3710933145E-11 1.7195932827E-08 1.2103426879E-07
68.00 1.6736362303E-07 -1.1454009857E-07 2.5551282360E-11 -3.3892545834E-11 -1.1454009257E-07 1.6736360865E-07 2.0842496612E-11 3.4678998870E-11 5.6033171832E-11 -4.9795709371E-11 1.2078985069E-07 -1.7348168814E-08 -6.0284089528E-12 -2.3063289501E-11 1.7348156086E-08 1.2078984774E-07
69.00 1.7143536508E-07 -1.2092648659E-07 2.4160035398E-11 -3.4585271260E-11 -1.2092648112E-07 1.7143535126E-07 1.9977876891E-11 3.5180054249E-11 5.5390410095E-11 -4.9478398516E-11 1.2024252761E-07 -1.7567089594E-08 -5.8372871232E-12 -2.2604491043E-11 1.7567077202E-08 1.2024252486E-07
70.00 1.7550926611E-07 -1.2748547713E-07 2.2542443451E-11 -3.5239107482E-11 -1.2748547221E-07 1.7550925285E-07 1.9241105672E-11 3.5770620609E-11 5.4541407025E-11 -4.9059034718E-11 1.1929984816E-07 -1.7846586799E-08 -5.4583262456E-12 -2.2306288611E-11 1.7846574751E-08 1.1929984562E-07
71.00 1.7949385469E-07 -1.3412499555E-07 2.0705788656E-11 -3.5855537349E-11 -1.3412499119E-07 1.7949384199E-07 1.8634603806E-11 3.6419881101E-11 5.3483581641E-11 -4.8515285612E-11 1.1788981853E-07 -1.8180179276E-08 -4.9087469556E-12 -2.2139632329E-11 1.8180167580E-08 1.1788981620E-07
72.00 1.8331293208E-07 -1.4075695278E-07 1.8660534382E-11 -3.6435000398E-11 -1.4075694898E-07 1.8331291995E-07 1.8161754231E-11 3.7098138358E-11 5.2218381853E-11 -4.7828294490E-11 1.1595945413E-07 -1.8561117306E-08 -4.2079749929E-12 -2.2075259725E-11 1.8561105969E-08 1.1595945203E-07
73.00 1.8690435952E-07 -1.4729808954E-07 1.6419994872E-11 -3.6976728191E-11 -1.4729808631E-07 1.8690434793E-07 1.7826561598E-11 3.7777215447E-11 5.0751118749E-11 -4.6982724554E-11 1.1347324317E-07 -1.8982471944E-08 -3.3771703878E-12 -2.2084260766E-11 1.8982460975E-08 1.1347324128E-07
74.00 1.9021882368E-07 -1.5367069638E-07 1.3999977278E-11 -3.7478638616E-11 -1.5367069373E-07 1.9021881263E-07 1.7633309104E-11 3.8430798167E-11 4.9090739497E-11 -4.5966752627E-11 1.1041155318E-07 -1.9437221453E-08 -2.4387625877E-12 -2.2138609750E-11 1.9437210858E-08 1.1041155151E-07
75.00 1.9321859996E-07 -1.5980320766E-07 1.1418404713E-11 -3.7937288875E-11 -1.5980320558E-07 1.9321858943E-07 1.7586221278E-11 3.9034716280E-11 4.7249545409E-11 -4.4772015539E-11 1.0676900687E-07 -1.9918333844E-08 -1.4159992619E-12 -2.2211655057E-11 1.9918323630E-08 1.0676900540E-07
76.00 1.9587633034E-07 -1.6563067004E-07 8.6949287857E-12 -3.8347885276E-11 -1.6563066853E-07 1.9587632032E-07 1.7689140914E-11 3.9567162821E-11 4.5242862564E-11 -4.3393513043E-11 1.0255285140E-07 -2.0418844663E-08 -3.3251568675E-13 -2.2278559058E-11 2.0418834838E-08 1.0255285013E-07
77.00 1.9817383112E-07 -1.7109508796E-07 5.8505396413E-12 -3.8704346461E-11 -1.7109508701E-07 1.9817382158E-07 1.7945227593E-11 4.0008852146E-11 4.3088672938E-11 -4.1829471615E-11 9.7781343459E-08 -2.0931929276E-08 7.8806930278E-13 -2.2316681822E-11 2.0931919847E-08 9.7781342387E-08
78.00 2.0010094314E-07 -1.7614565047E-07 2.9071809973E-12 -3.8999415413E-11 -1.7614565008E-07 2.0010093406E-07 1.8356684380E-11 4.0343118686E-11 4.0807214502E-11 -4.0081173912E-11 9.2482169759E-08 -2.1450969023E-08 1.9225257928E-12 -2.2305903736E-11 2.1450959997E-08 9.2482168865E-08
79.00 2.0165443528E-07 -1.8073884550E-07 -1.1262301786E-13 -3.9224814470E-11 -1.8073884564E-07 2.0165442663E-07 1.8924518207E-11 4.0555959626E-11 3.8420558901E-11 -3.8152758896E-11 8.6690920406E-08 -2.1969610757E-08 3.0483497117E-12 -2.2228883625E-11 2.1969602140E-08 8.6690919675E-08
80.00 2.0283696968E-07 -1.8483846870E-07 -3.1861232245E-12 -3.9371436722E-11 -1.8483846938E-07 2.0283696143E-07 1.9648338412E-11 4.0636025698E-11 3.5952175442E-11 -3.6050997782E-11 8.0449630110E-08 -2.2481819395E-08 4.1440612256E-12 -2.2071250475E-11 2.2481811193E-08 8.0449629525E-08
81.00 2.0365613544E-07 -1.8841553565E-07 -6.2906778078E-12 -3.9429566515E-11 -1.8841553684E-07 2.0365612755E-07 2.0526196700E-11 4.0574565148E-11 3.3426489925E-11 -3.3785050984E-11 7.3805399630E-08 -2.2981923243E-08 5.1894626421E-12 -2.1821728309E-11 2.2981915462E-08 7.3805399173E-08
82.00 2.0412355536E-07 -1.9144810641E-07 -9.4040575713E-12 -3.9389121388E-11 -1.9144810810E-07 2.0412354781E-07 2.1554470632E-11 4.0365326544E-11 3.0868446574E-11 -3.1366211157E-11 6.6809107492E-08 -2.3464651980E-08 6.1658548202E-12 -2.1472195180E-11 2.3464644624E-08 6.6809107141E-08
83.00 2.0425406880E-07 -1.9392103271E-07 -1.2504720745E-11 -3.9239907613E-11 -1.9392103489E-07 2.0425406154E-07 2.2727791576E-11 4.0004426532E-11 2.8303080827E-11 -2.8807637226E-11 5.9514219630E-08 -2.3925167301E-08 7.0562119836E-12 -2.1017678535E-11 2.3925160376E-08 5.9514219363E-08
84.00 2.0406499203E-07 -1.9582563792E-07 -1.5572054997E-11 -3.8971881552E-11 -1.9582564057E-07 2.0406498502E-07 2.4039016936E-11 3.9490188899E-11 2.5755110159E-11 -2.6124084022E-11 5.1975702398E-08 -2.4359086324E-08 7.8453156596E-12 -2.0456290404E-11 2.4359079833E-08 5.1975702191E-08
85.00 2.0357545617E-07 -1.9715934031E-07 -1.8586585193E-11 -3.8575409347E-11 -1.9715934341E-07 2.0357544937E-07 2.5479245429E-11 3.8822961325E-11 2.3248549371E-11 -2.3331631836E-11 4.4249042242E-08 -2.4762497965E-08 8.5198491970E-12 -1.9789106908E-11 2.4762491910E-08 4.4249042069E-08
86.00 2.0280582143E-07 -1.9792523023E-07 -2.1530146312E-11 -3.8041517879E-11 -1.9792523376E-07 2.0280581479E-07 2.7037873211E-11 3.8004916119E-11 2.0806355948E-11 -2.0447419739E-11 3.6389373460E-08 -2.5131972585E-08 9.0684549510E-12 -1.9019997459E-11 2.5131966969E-08 3.6389373294E-08
87.00 2.0177716548E-07 -1.9813161121E-07 -2.4386021691E-11 -3.7362130582E-11 -1.9813161515E-07 2.0177715898E-07 2.8702687846E-11 3.7039840955E-11 1.8450110231E-11 -1.7489386127E-11 2.8450713667E-08 -2.5464565283E-08 9.4817567450E-12 -1.8155409756E-11 2.5464560105E-08 2.8450713482E-08
88.00 2.0051084285E-07 -1.9779151502E-07 -2.7139047475E-11 -3.6530282456E-11 -1.9779151935E-07 2.0051083642E-07 3.0459996361E-11 3.5932925215E-11 1.6199734156E-11 -1.4476019469E-11 2.0485305059E-08 -2.5757813261E-08 9.7523506386E-12 -1.7204117203E-11 2.5757808522E-08 2.0485304825E-08
89.00 1.9902811139E-07 -1.9692219985E-07 -2.9775684770E-11 -3.5540309444E-11 -1.9692220455E-07 1.9902810500E-07 3.2294783103E-11 3.4690547072E-11 1.4073251423E-11 -1.1426121720E-11 1.2543058195E-08 -2.6009727779E-08 9.8747673337E-12 -1.6176935770E-11 2.6009723476E-08 1.2543057883E-08
90.00 1.9734982170E-07 -1.9554464035E-07 -3.2284061475E-11 -3.4388008318E-11 -1.9554464542E-07 1.9734981531E-07 3.4190892666E-11 3.3320065822E-11 1.2086590918E-11 -8.3585864348E-12 4.6710938828E-09 -2.6218781212E-08 9.8454097533E-12 -1.5086417477E-11 2.6218777341E-08 4.6710934641E-09
91.00 1.9549616456E-07 -1.9368301748E-07 -3.4653986204E-11 -3.3070764155E-11 -1.9368302289E-07 1.9549615812E-07 3.6131232887E-11 3.1829623366E-11 1.0253434362E-11 -5.2921931131E-12 -3.0866222068E-09 -2.6383889789E-08 9.6624694267E-12 -1.3946527725E-11 2.6383886346E-08 -3.0866227616E-09
92.00 1.9348647144E-07 -1.9136421519E-07 -3.6876936982E-11 -3.1587643479E-11 -1.9136422093E-07 1.9348646491E-07 3.8097992776E-11 3.0227958032E-11 8.5851081955E-12 -2.2454188637E-12 -1.0689558335E-08 -2.6504392597E-08 9.3258253223E-12 -1.2772313549E-11 2.6504389574E-08 -1.0689559055E-08
93.00 1.9133906302E-07 -1.8861733030E-07 -3.8946027632E-11 -2.9939452102E-11 -1.8861733636E-07 1.9133905636E-07 4.0072870235E-11 2.8524233267E-11 7.0905189197E-12 7.6373191641E-13 -1.8100815576E-08 -2.6580027424E-08 8.8369286936E-12 -1.1579569625E-11 2.6580024814E-08 -1.8100816489E-08
94.00 1.8907114043E-07 -1.8547320098E-07 -4.0855954865E-11 -2.8128757642E-11 -1.8547320734E-07 1.8907113360E-07 4.2037304555E-11 2.6727883028E-11 5.7761303490E-12 3.7178795503E-12 -2.5287253867E-08 -2.6610904054E-08 8.1986773603E-12 -1.0384508413E-11 2.6610901846E-08 -2.5287255000E-08
95.00 1.8669871432E-07 -1.8196395834E-07 -4.2602929107E-11 -2.6159877502E-11 -1.8196396500E-07 1.8669870728E-07 4.3972708890E-11 2.4848475046E-11 4.6459805488E-12 6.6004027983E-12 -3.2219552537E-08 -2.6597475556E-08 7.4152826365E-12 -9.2034403647E-12 2.6597473740E-08 -3.2219553916E-08
96.00 1.8423656661E-07 -1.7812260491E-07 -4.4184592083E-11 -2.4038833946E-11 -1.7812261185E-07 1.8423655933E-07 4.5860698260E-11 2.2895592548E-11 3.7017356671E-12 9.3955545944E-12 -3.8872212678E-08 -2.6540508147E-08 6.4921318656E-12 -8.0524694934E-12 2.6540506708E-08 -3.8872214327E-08
97.00 1.8169824045E-07 -1.7398262276E-07 -4.5599924021E-11 -2.1773278508E-11 -1.7398262999E-07 1.8169823289E-07 4.7683309012E-11 2.0878734439E-11 2.9427773906E-12 1.2088560352E-11 -4.5223508706E-08 -2.6441050121E-08 5.4356492318E-12 -6.9472089627E-12 2.6441049046E-08 -4.5223510648E-08
98.00 1.7909605374E-07 -1.6957761345E-07 -4.6849143214E-11 -1.9372388597E-11 -1.6957762096E-07 1.7909604587E-07 4.9423206134E-11 1.8807233470E-11 2.3663203781E-12 1.4665699576E-11 -5.1255396243E-08 -2.6300400367E-08 4.2531572034E-12 -5.9025206371E-12 2.6300399639E-08 -5.1255398497E-08
99.00 1.7644113217E-07 -1.6494097119E-07 -4.7933600456E-11 -1.6846739598E-11 -1.6494097897E-07 1.7644112396E-07 5.1063875333E-11 1.6690191491E-11 1.9675557598E-12 1.7114371664E-11 -5.6953383218E-08 -2.6120076890E-08 2.9527406356E-12 -4.9322818064E-12 2.6120076491E-08 -5.6953385801E-08
100.00 1.7374345798E-07 -1.6010558981E-07 -4.8855670629E-11 -1.4208156122E-11 -1.6010559788E-07 1.7374344940E-07 5.2589797295E-11 1.4536430554E-11 1.7398166109E-12 1.9423146888E-11 -6.2306370738E-08 -2.5901785757E-08 1.5431152321E-12 -4.0491815566E-12 2.5901785669E-08 -6.2306373666E-08
101.00 1.7101193091E-07 -1.5510360383E-07 -4.9618643477E-11 -1.1469546272E-11 -1.5510361218E-07 1.7101192194E-07 5.3986602106E-11 1.2354458338E-11 1.6747612364E-12 2.1581803588E-11 -6.7306469838E-08 -2.5647390825E-08 3.3501739586E-14 -3.2645485236E-12 2.5647391029E-08 -6.7306473120E-08
102.00 1.6825443831E-07 -1.4996616299E-07 -5.0226615324E-11 -8.6447229376E-12 -1.4996617163E-07 1.6825442892E-07 5.5241202318E-11 1.0152446215E-11 1.7625701082E-12 2.3581352666E-11 -7.1948799791E-08 -2.5358884557E-08 -1.5664930606E-12 -2.5882110630E-12 2.5358885033E-08 -7.1948803437E-08
103.00 1.6547793154E-07 -1.4472323964E-07 -5.0684383230E-11 -5.7482161259E-12 -1.4472324858E-07 1.6547792171E-07 5.6341903691E-11 7.9382181026E-12 1.9921523850E-12 2.5414050447E-11 -7.6231273166E-08 -2.5038360189E-08 -3.2469877896E-12 -2.0283901943E-12 2.5038360915E-08 -7.6231277179E-08
104.00 1.6268850635E-07 -1.3940346747E-07 -5.0997342833E-11 -2.7950802735E-12 -1.3940347671E-07 1.6268849607E-07 5.7278493086E-11 5.7192482486E-12 2.3513581001E-12 2.7073400934E-11 -8.0154372275E-08 -2.4687985461E-08 -4.9979298264E-12 -1.5916250577E-12 2.4687986420E-08 -8.0154376658E-08
105.00 1.5989148511E-07 -1.3403401025E-07 -5.1171390837E-11 1.9929968199E-13 -1.3403401982E-07 1.5989147436E-07 5.8042303483E-11 3.5026660597E-12 2.8271923192E-12 2.8554148477E-11 -8.3720921186E-08 -2.4309978096E-08 -6.8091903090E-12 -1.2827300550E-12 2.4309979267E-08 -8.3720925935E-08
106.00 1.5709149899E-07 -1.2864045868E-07 -5.1212832935E-11 3.2193999220E-12 -1.2864046858E-07 1.5709148777E-07 5.8626256452E-11 1.2952661675E-12 3.4060278331E-12 2.9852261762E-11 -8.6935856900E-08 -2.3906583126E-08 -8.6706507120E-12 -1.1047823435E-12 2.3906584491E-08 -8.6935862008E-08
107.00 1.5429256884E-07 -1.2324675333E-07 -5.1128297676E-11 6.2497437987E-12 -1.2324676357E-07 1.5429255713E-07 5.9024882807E-11 -8.9647797057E-13 4.0738132506E-12 3.0964909999E-11 -8.9806002844E-08 -2.3480052176E-08 -1.0572281103E-11 -1.0591379168E-12 2.3480053717E-08 -8.9806008303E-08
108.00 1.5149818331E-07 -1.1787513169E-07 -5.0924656651E-11 9.2750793980E-12 -1.1787514229E-07 1.5149817110E-07 5.9234322441E-11 -3.0663984972E-12 4.8162736867E-12 3.1890432090E-11 -9.2339847303E-08 -2.3032624735E-08 -1.2504210320E-11 -1.1454741391E-12 2.3032626438E-08 -9.2339853099E-08
109.00 1.4871137331E-07 -1.1254609701E-07 -5.0608951176E-11 1.2280546061E-11 -1.1254610799E-07 1.4871136061E-07 5.9252304637E-11 -5.2086169906E-12 5.6191015906E-12 3.2628299477E-11 -9.4547328973E-08 -2.2566511437E-08 -1.4456788427E-11 -1.3618563064E-12 2.2566513286E-08 -9.4547335090E-08
110.00 1.4593478214E-07 -1.0727840695E-07 -5.0188325527E-11 1.5251827706E-11 -1.0727841832E-07 1.4593476893E-07 5.9078110313E-11 -7.3175288986E-12 6.4681356120E-12 3.3179073327E-11 -9.6439631399E-08 -2.2083879324E-08 -1.6420641858E-11 -1.7048255760E-12 2.2083881309E-08 -9.6439637818E-08
111.00 1.4317073049E-07 -1.0208907954E-07 -4.9669966653E-11 1.8175291198E-11 -1.0208909132E-07 1.4317071678E-07 5.8712517852E-11 -9.3877895501E-12 7.3495257629E-12 3.3544356600E-11 -9.8028987644E-08 -2.1586839061E-08 -1.8386721754E-11 -2.1695054489E-12 2.1586841172E-08 -9.8028994343E-08
112.00 1.4042127617E-07 -9.6993414734E-08 -4.9061050200E-11 2.1038108408E-11 -9.6993426939E-08 1.4042126195E-07 5.8157734259E-11 -1.1414302509E-11 8.2498834896E-12 3.3726741527E-11 -9.9328496197E-08 -2.1077434017E-08 -2.0346345965E-11 -2.7497238869E-12 2.1077436250E-08 -9.9328503153E-08
113.00 1.3768826811E-07 -9.2005029126E-08 -4.8368692630E-11 2.3828361016E-11 -9.2005041770E-08 1.3768825338E-07 5.7417313472E-11 -1.3392210818E-11 9.1564156050E-12 3.3729752962E-11 -1.0035194882E-07 -2.0557631150E-08 -2.2291235251E-11 -3.4381481050E-12 2.0557633501E-08 -1.0035195600E-07
114.00 1.3497339459E-07 -8.7135902170E-08 -4.7599909115E-11 2.6535127477E-11 -8.7135915267E-08 1.3497337935E-07 5.6496063686E-11 -1.5316891476E-11 1.0057041365E-11 3.3557788023E-11 -1.0111367070E-07 -2.0029313572E-08 -2.4213544150E-11 -4.2264290935E-12 2.0029316041E-08 -1.0111367809E-07
115.00 1.3227822568E-07 -8.2396431925E-08 -4.6761576911E-11 2.9148551929E-11 -8.2396445488E-08 1.3227820993E-07 5.5399945539E-11 -1.7183953285E-11 1.0940492272E-11 3.3216052431E-11 -1.0162837314E-07 -1.9494274701E-08 -2.6105886989E-11 -5.1053529765E-12 1.9494277294E-08 -1.0162838071E-07
116.00 1.2960424996E-07 -7.7795498702E-08 -4.5860403840E-11 3.1659895170E-11 -7.7795512742E-08 1.2960423371E-07 5.4135963007E-11 -1.8989238048E-11 1.1796394487E-11 3.2710493933E-11 -1.0191101868E-07 -1.8954213879E-08 -2.7961359449E-11 -6.0649964210E-12 1.8954216604E-08 -1.0191102640E-07
117.00 1.2695290564E-07 -7.3340535027E-08 -4.4902901533E-11 3.4061568101E-11 -7.3340549554E-08 1.2695288888E-07 5.2712048799E-11 -2.0728824894E-11 1.2615333972E-11 3.2047733196E-11 -1.0197669845E-07 -1.8410733319E-08 -2.9773556057E-11 -7.0948834382E-12 1.8410736187E-08 -1.0197670628E-07
118.00 1.2432560630E-07 -6.9037600533E-08 -4.3895363079E-11 3.6347148319E-11 -6.9037615554E-08 1.2432558905E-07 5.1136945958E-11 -2.2399037426E-11 1.3388904742E-11 3.1234992554E-11 -1.0184052146E-07 -1.7865336269E-08 -3.1536583934E-11 -8.1841410908E-12 1.7865339297E-08 -1.0184052939E-07
119.00 1.2172376156E-07 -6.4891460483E-08 -4.2843844710E-11 3.8511380779E-11 -6.4891476005E-08 1.2172374380E-07 4.9420087328E-11 -2.3996453209E-11 1.4109740803E-11 3.0280023021E-11 -1.0151751534E-07 -1.7319426276E-08 -3.3245073047E-11 -9.3216518079E-12 1.7319429482E-08 -1.0151752335E-07
120.00 1.1914879287E-07 -6.0905666814E-08 -4.1754151214E-11 4.0550163609E-11 -6.0905682838E-08 1.1914877461E-07 4.7571474420E-11 -2.5517915092E-11 1.4771532538E-11 2.9191030000E-11 -1.0102253799E-07 -1.6774307394E-08 -3.4894183200E-11 -1.0496200222E-11 1.6774310801E-08 -1.0102254604E-07
121.00 1.1660214489E-07 -5.7082640672E-08 -4.0631824728E-11 4.2460520358E-11 -5.7082657199E-08 1.1660212613E-07 4.5601557136E-11 -2.6960543729E-11 1.5369028465E-11 2.7976598136E-11 -1.0037019951E-07 -1.6231185261E-08 -3.6479607914E-11 -1.1696612666E-11 1.6231188894E-08 -1.0037020760E-07
122.00 1.1408529270E-07 -5.3423755585E-08 -3.9482136632E-11 4.4240560038E-11 -5.3423772614E-08 1.1408527344E-07 4.3521115668E-11 -2.8321750693E-11 1.5898023422E-11 2.6645615796E-11 -9.9574793969E-08 -1.5691168894E-08 -3.7997575330E-11 -1.2911887716E-11 1.5691172782E-08 -9.9574802065E-08
123.00 1.1159974527E-07 -4.9929420494E-08 -3.8310082249E-11 4.5889426462E-11 -4.9929438020E-08 1.1159972552E-07 4.1341145817E-11 -2.9599251499E-11 1.6355334348E-11 2.5207199693E-11 -9.8650240085E-08 -1.5155273123E-08 -3.9444846226E-11 -1.4131316388E-11 1.5155277296E-08 -9.8650248182E-08
124.00 1.0914704558E-07 -4.6599161982E-08 -3.7120378109E-11 4.7407238382E-11 -4.6599179997E-08 1.0914702532E-07 3.9072748817E-11 -3.0791077913E-11 1.6738764905E-11 2.3670620188E-11 -9.7610030477E-08 -1.4624421541E-08 -4.0818709212E-11 -1.5344590884E-11 1.4624426032E-08 -9.7610038568E-08
125.00 1.0672876769E-07 -4.3431705157E-08 -3.5917461526E-11 4.8795021996E-11 -4.3431723653E-08 1.0672874693E-07 3.6727026669E-11 -3.1895588935E-11 1.7047060256E-11 2.2045227828E-11 -9.6467188646E-08 -1.4099449896E-08 -4.2116973151E-11 -1.6541900983E-11 1.4099454739E-08 -9.6467196727E-08
126.00 1.0434651131E-07 -4.0425052698E-08 -3.4705492281E-11 5.0054637375E-11 -4.0425071661E-08 1.0434649005E-07 3.4314983823E-11 -3.2911479887E-11 1.7279853362E-11 2.0340381707E-11 -9.5234233173E-08 -1.3581109830E-08 -4.3337956858E-11 -1.7714017466E-11 1.3581115061E-08 -9.5234241245E-08
127.00 1.0200189413E-07 -3.7576561662E-08 -3.3488356199E-11 5.1188700344E-11 -3.7576581078E-08 1.0200187235E-07 3.1847435989E-11 -3.3837789117E-11 1.7437604168E-11 1.8565380226E-11 -9.3923148538E-08 -1.3070072888E-08 -4.4480476115E-11 -1.8852362165E-11 1.3070078543E-08 -9.3923156607E-08
128.00 9.9696542276E-08 -3.4883017742E-08 -3.2269670430E-11 5.2200501298E-11 -3.4883037594E-08 9.9696519988E-08 2.9334926654E-11 -3.4673901916E-11 1.7521533059E-11 1.6729394846E-11 -9.2545361998E-08 -1.2566934734E-08 -4.5543828063E-11 -1.9949064487E-11 1.2566940847E-08 -9.2545370078E-08
129.00 9.7432079457E-08 -3.2340706670E-08 -3.1052790276E-11 5.3093922356E-11 -3.2340726938E-08 9.7432056649E-08 2.6787651847E-11 -3.5419551299E-11 1.7533549949E-11 1.4841407404E-11 -9.1111726027E-08 -1.2072219499E-08 -4.6527773055E-11 -2.0997004457E-11 1.2072226107E-08 -9.1111734134E-08
130.00 9.5210114896E-08 -2.9945482566E-08 -2.9840817362E-11 5.3873354194E-11 -2.9945503229E-08 9.5210091563E-08 2.4215393495E-11 -3.6074815466E-11 1.7476180323E-11 1.2910151551E-11 -8.9632505816E-08 -1.1586384224E-08 -4.7432514064E-11 -2.1989842566E-11 1.1586391359E-08 -8.9632513973E-08
131.00 9.3032230620E-08 -2.7692833043E-08 -2.8636609023E-11 5.4543613779E-11 -2.7692854079E-08 9.3032206756E-08 2.1627461663E-11 -3.6640111773E-11 1.7352489517E-11 1.0944058826E-11 -8.8117371409E-08 -1.1109823327E-08 -4.8258673796E-11 -2.2922036858E-11 1.1109831022E-08 -8.8117379644E-08
132.00 9.0899968316E-08 -2.5577940929E-08 -2.7442788712E-11 5.5109864117E-11 -2.5577962311E-08 9.0899943915E-08 1.9032645790E-11 -3.7116187231E-11 1.7166006433E-11 8.9512098561E-12 -8.6575394050E-08 -1.0642873071E-08 -4.9007269666E-11 -2.3788847895E-11 1.0642881354E-08 -8.6575402395E-08
133.00 8.8814816104E-08 -2.3595742479E-08 -2.6261757306E-11 5.5577537012E-11 -2.3595764181E-08 8.8814791158E-08 1.6439174969E-11 -3.7504105587E-11 1.6920647825E-11 6.9392910825E-12 -8.5015046368E-08 -1.0185815983E-08 -4.9679686850E-11 -2.4586332382E-11 1.0185824881E-08 -8.5015054861E-08
134.00 8.6778195506E-08 -2.1740982028E-08 -2.5095705116E-11 5.5952259714E-11 -2.1741004023E-08 8.6778170008E-08 1.3854687194E-11 -3.7805231158E-11 1.6620644176E-11 4.9155573904E-12 -8.3444206045E-08 -9.7388851972E-09 -5.0277649672E-11 -2.5311326372E-11 9.7388947342E-09 -8.3444214729E-08
135.00 8.4791448874E-08 -2.0008262996E-08 -2.3946624463E-11 5.6239786171E-11 -2.0008285253E-08 8.4791422817E-08 1.1286207364E-11 -3.8021209694E-11 1.6270468115E-11 2.8868009098E-12 -8.1870162643E-08 -9.3022686954E-09 -5.0803191581E-11 -2.5961419058E-11 9.3022788901E-09 -8.1870171565E-08
136.00 8.2855827514E-08 -1.8392095229E-08 -2.2816322642E-11 5.6445933512E-11 -1.8392117719E-08 8.2855800892E-08 8.7401337821E-12 -3.8153946570E-11 1.5874766165E-11 8.5932619340E-13 -8.0299627280E-08 -8.8761134160E-09 -5.1258624061E-11 -2.6534918285E-11 8.8761242836E-09 -8.0299636490E-08
137.00 8.0972480706E-08 -1.6886938665E-08 -2.1706435116E-11 5.6576524218E-11 -1.6886961356E-08 8.0972453511E-08 6.2222327647E-12 -3.8205582736E-11 1.5438294536E-11 -1.1610681177E-12 -7.8738744874E-08 -8.4605292212E-09 -5.1646504800E-11 -2.7030808938E-11 8.4605407725E-09 -7.8738754426E-08
138.00 7.9142445798E-08 -1.5487243319E-08 -2.0618438751E-11 5.6637334324E-11 -1.5487266180E-08 7.9142418023E-08 3.7376408904E-12 -3.8178468838E-11 1.4965859530E-11 -3.1691011192E-12 -7.7193108685E-08 -8.0555926998E-09 -5.1969605482E-11 -2.7448705432E-11 8.0556049407E-09 -7.7193118636E-08
139.00 7.7366639521E-08 -1.4187485638E-08 -1.9553664935E-11 5.6634047868E-11 -1.4187508635E-08 7.7366611159E-08 1.2908743663E-12 -3.8075138010E-11 1.4462262985E-11 -5.1600150291E-12 -7.5667776886E-08 -7.6613507953E-09 -5.2230879587E-11 -2.7788799519E-11 7.6613637269E-09 -7.5667787294E-08
140.00 7.5645850636E-08 -1.2982201244E-08 -1.8513312399E-11 5.6572217681E-11 -1.2982224344E-08 7.5645821679E-08 -1.1141550971E-12 -3.7898277823E-11 1.3932253104E-11 -7.1295742989E-12 -7.4167290928E-08 -7.2778242514E-09 -5.2433430584E-11 -2.8051804644E-11 7.2778378698E-09 -7.4167301855E-08
141.00 7.3980733992E-08 -1.1866014152E-08 -1.7498459559E-11 5.6457232500E-11 -1.1866037322E-08 7.3980704434E-08 -3.4741185509E-12 -3.7650701906E-11 1.3380480819E-11 -9.0740587002E-12 -7.2695695458E-08 -6.9050108656E-09 -5.2580480890E-11 -2.8238898022E-11 6.9050251616E-09 -7.2695706966E-08
142.00 7.2371806056E-08 -1.0833662540E-08 -1.6510076210E-11 5.6294290286E-11 -1.0833685746E-08 7.2371775891E-08 -5.7862429084E-12 -3.7335321723E-11 1.2811461804E-11 -1.0990250725E-11 -7.1256559551E-08 -6.5428885484E-09 -5.2675341978E-11 -2.8351661592E-11 6.5429035077E-09 -7.1256571702E-08
143.00 7.0819441928E-08 -9.8800211600E-09 -1.5549034408E-11 5.6088377531E-11 -9.8800443670E-09 7.0819411149E-08 -8.0482796021E-12 -3.6955118984E-11 1.2229544045E-11 -1.2875417713E-11 -6.9852999033E-08 -6.1914181843E-09 -5.2721385978E-11 -2.8392022899E-11 6.1914337875E-09 -6.9853011892E-08
144.00 6.9323873842E-08 -9.0001205267E-09 -1.4616118376E-11 5.5844254262E-11 -9.0001437006E-09 6.9323842442E-08 -1.0258469537E-11 -3.6513119121E-11 1.1638880866E-11 -1.4727289185E-11 -6.8487699694E-08 -5.8505462954E-09 -5.2722019095E-11 -2.8362196903E-11 5.8505625181E-09 -6.8487713323E-08
145.00 6.7885191122E-08 -8.1891630013E-09 -1.3712033283E-11 5.5566444368E-11 -8.1891861074E-09 6.7885159095E-08 -1.2415505083E-11 -3.6012366231E-11 1.1043409123E-11 -1.6544029936E-11 -6.7162941155E-08 -5.5202075083E-09 -5.2680657129E-11 -2.8264629586E-11 5.5202243213E-09 -6.7162955616E-08
146.00 6.6503341540E-08 -7.4425359284E-09 -1.2837412771E-11 5.5259230842E-11 -7.4425589321E-09 6.6503308881E-08 -1.4518489836E-11 -3.5455899815E-11 1.0446832274E-11 -1.8324209453E-11 -6.5880621208E-08 -5.2003268272E-09 -5.2600703347E-11 -2.8101944133E-11 5.2003441965E-09 -6.5880636563E-08
147.00 6.5178134008E-08 -6.7558219870E-09 -1.1992825111E-11 5.4926655450E-11 -6.7558448532E-09 6.5178100711E-08 -1.6566896876E-11 -3.4846733586E-11 9.8526079165E-12 -2.0066768305E-11 -6.4642280426E-08 -4.8908217171E-09 -5.2485528888E-11 -2.7876890355E-11 4.8908396044E-09 -6.4642296733E-08
148.00 6.3909242511E-08 -6.1248069303E-09 -1.1178777883E-11 5.4572522336E-11 -6.1248296241E-09 6.3909208569E-08 -1.8560526190E-11 -3.4187836569E-11 9.2639393477E-12 -2.1770982139E-11 -6.3449126864E-08 -4.5916040031E-09 -5.2338455847E-11 -2.7592297873E-11 4.5916223656E-09 -6.3449144181E-08
149.00 6.2696211179E-08 -5.5454849017E-09 -1.0395721138E-11 5.4200405027E-11 -5.5455073880E-09 6.2696176586E-08 -2.0499461923E-11 -3.3482116637E-11 8.6837706653E-12 -2.3436423937E-11 -6.2302060683E-08 -4.3025815899E-09 -5.2162743120E-11 -2.7251033492E-11 4.3026003810E-09 -6.2302079066E-08
150.00 6.1538460394E-08 -5.0140615205E-09 -9.6440489654E-12 5.3813656299E-11 -5.0140837641E-09 6.1538425145E-08 -2.2384030044E-11 -3.2732406557E-11 8.1147849022E-12 -2.5062925183E-11 -6.1201698535E-08 -4.0236600109E-09 -5.1961575036E-11 -2.6855963041E-11 4.0236791803E-09 -6.1201718035E-08
151.00 6.0435293814E-08 -4.5269549385E-09 -8.9240994829E-12 5.3415420370E-11 -4.5269769042E-09 6.0435257903E-08 -2.4214756982E-11 -3.1941452563E-11 7.5594046785E-12 -2.6650536585E-11 -6.0148397571E-08 -3.7547438112E-09 -5.1738052727E-11 -2.6409917861E-11 3.7547633054E-09 -6.0148418237E-08
152.00 5.9385906186E-08 -4.0807950715E-09 -8.2361532493E-12 5.3008646884E-11 -4.0808167240E-09 5.9385869607E-08 -2.5992329715E-11 -3.1111905426E-11 7.0197948625E-12 -2.8199488950E-11 -5.9142278946E-08 -3.4957377745E-09 -5.1495188157E-11 -2.5915666008E-11 3.4957575366E-09 -5.9142300824E-08
153.00 5.8389391837E-08 -3.6724212104E-09 -7.5804301600E-12 5.2596106160E-11 -3.6724425142E-09 5.8389354584E-08 -2.7717557740E-11 -3.0246313902E-11 6.4978667525E-12 -2.9710154796E-11 -5.8183250712E-08 -3.2465479992E-09 -5.1235900662E-11 -2.5375888125E-11 3.2465679697E-09 -5.8183273845E-08
154.00 5.7444753723E-08 -3.2988782164E-09 -6.9570849066E-12 5.2180405236E-11 -3.2988991361E-09 5.7444715788E-08 -2.9391337278E-11 -2.9347120445E-11 5.9952833235E-12 -3.1183011208E-11 -5.7271030007E-08 -3.0070828333E-09 -5.0963015786E-11 -2.4793157859E-11 3.0071029503E-09 -5.7271054434E-08
155.00 5.6550912924E-08 -2.9574115008E-09 -6.3662011189E-12 5.1764004223E-11 -2.9574320008E-09 5.6550874302E-08 -3.1014618022E-11 -2.8416658971E-11 5.5134651227E-12 -3.2618604430E-11 -5.6405164464E-08 -2.7772536745E-09 -5.0679266198E-11 -2.4169926630E-11 2.7772738737E-09 -5.6405190220E-08
156.00 5.5706718482E-08 -2.6454609822E-09 -5.8077843389E-12 5.1349232567E-11 -2.6454810270E-09 5.5706679166E-08 -3.2588372654E-11 -2.7457154497E-11 5.0535964540E-12 -3.4017516597E-11 -5.5585052790E-08 -2.5569756429E-09 -5.0387294385E-11 -2.3508512464E-11 2.5569958583E-09 -5.5585079906E-08
157.00 5.4910957480E-08 -2.3606542079E-09 -5.2817540039E-12 5.0938304813E-11 -2.3606737618E-09 5.4910917463E-08 -3.4113569306E-11 -2.6470724403E-11 4.6166315424E-12 -3.5380334957E-11 -5.4809964469E-08 -2.3461681341E-09 -5.0089656833E-11 -2.2811092595E-11 2.3461882980E-09 -5.4809992972E-08
158.00 5.4162365279E-08 -2.1007988148E-09 -4.7879346465E-12 5.0533335554E-11 -2.1008178425E-09 5.4162324554E-08 -3.5591147078E-11 -2.5459381086E-11 4.2033004376E-12 -3.6707623864E-11 -5.4079058567E-08 -2.1447552592E-09 -4.9788829351E-11 -2.2079699458E-11 2.1447753025E-09 -5.4079088479E-08
159.00 5.3459635831E-08 -1.8638744957E-09 -4.3260465396E-12 5.0136353251E-11 -1.8638929616E-09 5.3459594391E-08 -3.7021994671E-11 -2.4425035769E-11 3.8141144778E-12 -3.7999899777E-11 -5.3391401630E-08 -1.9526661784E-09 -4.9487213206E-11 -2.1316219714E-11 1.9526860310E-09 -5.3391432970E-08
160.00 5.2801432002E-08 -1.6480246197E-09 -3.8956960358E-12 4.9749312691E-11 -1.6480424887E-09 5.2801389840E-08 -3.8406932160E-11 -2.3369503216E-11 3.4493711977E-12 -3.9257609401E-11 -5.2745984679E-08 -1.7698353346E-09 -4.9187141721E-11 -2.0522395915E-11 1.7698549255E-09 -5.2746017460E-08
161.00 5.2186395842E-08 -1.4515476489E-09 -3.4963658651E-12 4.9374105889E-11 -1.4515648860E-09 5.2186352949E-08 -3.9746695861E-11 -2.2294507139E-11 3.1091586328E-12 -4.0481111064E-11 -5.2141739313E-08 -1.5962025946E-09 -4.8890886985E-11 -1.9699830419E-11 1.5962218521E-09 -5.2141773544E-08
162.00 5.1613158743E-08 -1.2728884730E-09 -3.1274056613E-12 4.9012571264E-11 -1.2729050435E-09 5.1613115113E-08 -4.1041926225E-11 -2.1201686091E-11 2.7933590251E-12 -4.1670659376E-11 -5.1577552935E-08 -1.4317133019E-09 -4.8600666377E-11 -1.8849991177E-11 1.4317321540E-09 -5.1577588623E-08
163.00 5.1080351460E-08 -1.1106297730E-09 -2.7880229943E-12 4.8666501025E-11 -1.1106456429E-09 5.1080307085E-08 -4.2293158668E-11 -2.0092599651E-11 2.5016519951E-12 -4.2826393122E-11 -5.1052283146E-08 -1.2763182506E-09 -4.8318648565E-11 -1.7974219055E-11 1.2763366250E-09 -5.1052320290E-08
164.00 5.0586613921E-08 -9.6348351154E-10 -2.4772751782E-12 4.8337646676E-11 -9.6349864719E-10 5.0586568794E-08 -4.3500817200E-11 -1.8968734758E-11 2.2335172884E-12 -4.3948326341E-11 -5.0564771315E-08 -1.1299735849E-09 -4.8046958741E-11 -1.7073736337E-11 1.1299914093E-09 -5.0564809911E-08
165.00 5.0130604826E-08 -8.3028263071E-10 -2.1940621195E-12 4.8027722656E-11 -8.3029699938E-10 5.0130558941E-08 -4.4665210695E-11 -1.7831512050E-11 1.9882372459E-12 -4.5036342447E-11 -5.0113855368E-08 -9.9264063127E-10 -4.7787682834E-11 -1.6149656137E-11 9.9265783367E-10 -5.0113895407E-08
166.00 4.9711010972E-08 -7.0997303048E-10 -1.9371204492E-12 4.7738408139E-11 -7.0998660033E-10 4.9710964321E-08 -4.5786531648E-11 -1.6682292105E-11 1.7648991768E-12 -4.6090191261E-11 -4.9698381830E-08 -8.6428567200E-10 -4.7542870521E-11 -1.5202992434E-11 8.6430218075E-10 -4.9698423298E-08
167.00 4.9326556285E-08 -6.0160588423E-10 -1.7050191644E-12 4.7471347069E-11 -6.0161862449E-10 4.9326508862E-08 -4.6864857225E-11 -1.5522381518E-11 1.5623978366E-12 -4.7109488741E-11 -4.9317217138E-08 -7.4487966620E-10 -4.7314536874E-11 -1.4234670525E-11 7.4489541024E-10 -4.9317260018E-08
168.00 4.8976010533E-08 -5.0433034034E-10 -1.4961569737E-12 4.7228146537E-11 -5.0434222152E-10 4.8975962334E-08 -4.7900152413E-11 -1.4353038741E-11 1.3794382192E-12 -4.8093719219E-11 -4.8969258255E-08 -6.3439792706E-10 -4.7104662568E-11 -1.3245537680E-11 6.3441283619E-10 -4.8969302524E-08
169.00 4.8658197669E-08 -4.1738664795E-10 -1.3087615097E-12 4.7010373648E-11 -4.1739764204E-10 4.8658148689E-08 -4.8892275076E-11 -1.3175479675E-11 1.2145388802E-12 -4.9042239888E-11 -4.8653442597E-08 -5.3281976393E-10 -4.6915192576E-11 -1.2236373872E-11 5.3283376894E-10 -4.8653488226E-08
170.00 4.8372003784E-08 -3.4009973690E-10 -1.1408905310E-12 4.6819551038E-11 -3.4010981752E-10 4.8371954020E-08 -4.9840982696E-11 -1.1990882991E-11 1.0660359958E-12 -4.9954287313E-11 -4.8368757291E-08 -4.4012809787E-10 -4.6748033375E-11 -1.1207902421E-11 4.4014113078E-10 -4.8368804249E-08
171.00 4.8116384634E-08 -2.7187327452E-10 -9.9043519737E-13 4.6657151257E-11 -2.7188241717E-10 4.8116334083E-08 -5.0745940598E-11 -1.0800395180E-11 9.3208834968E-13 -5.0828985685E-11 -4.8114247770E-08 -3.5630906026E-10 -4.6605048713E-11 -1.0160800480E-11 3.5632105452E-10 -4.8114296019E-08
172.00 4.7890372691E-08 -2.1218421619E-10 -8.5512545408E-13 4.6524590208E-11 -2.1219239845E-10 4.7890321351E-08 -5.1606731445E-11 -9.6051353602E-12 8.1068341522E-13 -5.1665356571E-11 -4.7889025691E-08 -2.8135158377E-10 -4.6488054026E-11 -9.0957092758E-12 2.8136247451E-10 -4.7889075190E-08
173.00 4.7693083691E-08 -1.6057786152E-10 -7.3253751787E-13 4.6423219890E-11 -1.6058506320E-10 4.7693031565E-08 -5.2422865780E-11 -8.4061998571E-12 6.9964466917E-13 -5.2462329884E-11 -4.7692276188E-08 -2.1524699549E-10 -4.6398809661E-11 -8.0132440536E-12 2.1525671970E-10 -4.7692326891E-08
174.00 4.7523722642E-08 -1.1666342405E-10 -6.2010340841E-13 4.6354320667E-11 -1.1666962746E-10 4.7523669730E-08 -5.3193793397E-11 -7.2046665846E-12 5.9664024025E-13 -5.3218755813E-11 -4.7523264429E-08 -1.5798862173E-10 -4.6339013087E-11 -6.9140036790E-12 1.5799711852E-10 -4.7523316285E-08
175.00 4.7381589228E-08 -8.0110119569E-11 -5.1512242487E-13 4.6319093317E-11 -8.0115309610E-11 4.7381535535E-08 -5.3918915330E-11 -6.0015992708E-12 4.9919295403E-13 -5.3933417461E-11 -4.7381341475E-08 -1.0957141383E-10 -4.6310290289E-11 -5.7985798755E-12 1.0957862463E-10 -4.7381394428E-08
176.00 4.7266082603E-08 -5.0643775659E-11 -4.1477442295E-13 4.6318651082E-11 -5.0647940063E-11 4.7266028134E-08 -5.4597596249E-11 -4.7980515562E-12 4.0469179491E-13 -5.4605043927E-11 -4.7265949413E-08 -6.9991603916E-11 -4.6314186605E-11 -4.6675660723E-12 6.9997472720E-11 -4.7266003405E-08
177.00 4.7176705511E-08 -2.8043963816E-11 -3.1613470866E-13 4.6354011955E-11 -2.8047093264E-11 4.7176650274E-08 -5.5229177023E-11 -3.5950710055E-12 3.1040476270E-13 -5.5232323599E-11 -4.7176625747E-08 -3.9246398851E-11 -4.6352157234E-11 -3.5215658454E-12 3.9250872453E-11 -4.7176680713E-08
178.00 4.7113067711E-08 -1.2141654217E-11 -2.1619032958E-13 4.6426091404E-11 -1.2143742473E-11 4.7113011715E-08 -5.5812987273E-11 -2.3937030688E-12 2.1349305902E-13 -5.5813917428E-11 -4.7113007022E-08 -1.7333719723E-11 -4.6425557702E-11 -2.3612009395E-12 1.7336747929E-11 -4.7113062896E-08
179.00 4.7074888671E-08 -2.8173927988E-12 -1.1185751571E-13 4.6535695740E-11 -2.8184368178E-12 4.7074831931E-08 -5.6348357683E-11 -1.1949950326E-12 1.1102649813E-13 -5.6348471954E-11 -4.7074831669E-08 -4.2519932191E-12 -4.6535634511E-11 -1.1871188565E-12 4.2535290750E-12 -4.7074888380E-08
180.00 4.7061999519E-08 1.3301053300E-21 -2.4524612692E-24 4.6683516259E-11 1.3301075199E-21 4.7061942047E-08 -5.6834631889E-11 8.6595470377E-25 4.4590204895E-25 -5.6834631889E-11 -4.7061942047E-08 -3.9539187999E-22 -4.6683516259E-11 1.9387045607E-26 3.9539278561E-22 -4.7061999519E-08
