theta s11 s12 s13 s14 s21 s22 s23 s24 s31 s32 s33 s34 s41 s42 s43 s44
0.00 1.4154797948E+02 0.0000000000E+00 0.0000000000E+00 -5.8705752970E-11 0.0000000000E+00 1.4154797948E+02 -4.0007081955E-11 0.0000000000E+00 0.0000000000E+00 4.0007081955E-11 1.4154797948E+02 0.0000000000E+00 -5.8705752970E-11 0.0000000000E+00 0.0000000000E+00 1.4154797948E+02
1.00 1.4140075492E+02 -5.8903787920E-03 4.1719681856E-12 -5.8599364301E-11 -5.8903787920E-03 1.4140075492E+02 -4.4153261577E-11 -8.5505418485E-14 4.1660048313E-12 4.4153093902E-11 1.4140075445E+02 9.9513430037E-03 -5.8599661249E-11 8.4839155499E-14 -9.9513430037E-03 1.4140075445E+02
2.00 1.4095992228E+02 -2.3466972959E-02 8.3293509706E-12 -5.8441994900E-11 -2.3466972959E-02 1.4095992228E+02 -4.8217289310E-11 -1.7703069204E-13 8.3048610330E-12 4.8215954006E-11 1.4095991473E+02 3.9706966994E-02 -5.8444366895E-11 1.7317816953E-13 -3.9706966994E-02 1.4095991473E+02
3.00 1.4022799741E+02 -5.2447619049E-02 1.2459178921E-11 -5.8237512897E-11 -5.2447619049E-02 1.4022799741E+02 -5.2185917125E-11 -2.7063007514E-13 1.2402707912E-11 5.2181435861E-11 1.4022795937E+02 8.8972729851E-02 -5.8245499262E-11 2.5930354926E-13 -8.8972729851E-02 1.4022795937E+02
4.00 1.3920914938E+02 -9.2366897674E-02 1.6547749891E-11 -5.7990503612E-11 -9.2366897674E-02 1.3920914938E+02 -5.6046156477E-11 -3.6177571557E-13 1.6445044629E-11 5.6035605589E-11 1.3920902991E+02 1.5726195784E-01 -5.8009371097E-11 3.3695101195E-13 -1.5726195784E-01 1.3920902991E+02
5.00 1.3790916472E+02 -1.4258332895E-01 2.0581274693E-11 -5.7703874526E-11 -1.4258332895E-01 1.3790916472E+02 -5.9784739318E-11 -4.4658033960E-13 2.0417388805E-11 5.9764294275E-11 1.3790887534E+02 2.4390074375E-01 -5.7740566797E-11 4.0054402721E-13 -2.4390074375E-01 1.3790887534E+02
6.00 1.3633539791E+02 -2.0228927950E-01 2.4547321220E-11 -5.7383332605E-11 -2.0228927950E-01 1.3633539791E+02 -6.3389438588E-11 -5.2284036123E-13 2.4306723876E-11 6.3354431572E-11 1.3633480361E+02 3.4803527188E-01 -5.7446408689E-11 4.4625512544E-13 -3.4803527188E-01 1.3633480361E+02
7.00 1.3449670867E+02 -2.7052341787E-01 2.8432324298E-11 -5.7031518603E-11 -2.7052341787E-01 1.3449670867E+02 -6.6849246401E-11 -5.8458598021E-13 2.8099024961E-11 6.6794224601E-11 1.3449562014E+02 4.6864107891E-01 -5.7131065207E-11 4.6656340233E-13 -4.6864107891E-01 1.3449562014E+02
8.00 1.3240338674E+02 -3.4618551385E-01 3.2224957532E-11 -5.6653483186E-11 -3.4618551385E-01 1.3240338674E+02 -7.0152223716E-11 -6.2911979210E-13 3.1782630502E-11 7.0071025421E-11 1.3240155405E+02 6.0453413615E-01 -5.6801029080E-11 4.5732000611E-13 -6.0453413615E-01 1.3240155405E+02
9.00 1.3006706497E+02 -4.2805333916E-01 3.5911528734E-11 -5.6252637718E-11 -4.2805333916E-01 1.3006706497E+02 -7.3288883867E-11 -6.5297608859E-13 3.5343647748E-11 7.3174724834E-11 1.3006417287E+02 7.5438361624E-01 -5.6461033811E-11 4.1370346670E-13 -7.5438361624E-01 1.3006417287E+02
10.00 1.2750062162E+02 -5.1480139333E-01 3.9482395225E-11 -5.5834063556E-11 -5.1480139333E-01 1.2750062162E+02 -7.6248207006E-11 -6.5349926867E-13 3.8772368258E-11 7.6093764433E-11 1.2749628664E+02 9.1672618731E-01 -5.6117382453E-11 3.3183609709E-13 -9.1672618731E-01 1.2749628664E+02
11.00 1.2471807309E+02 -6.0502115005E-01 4.2924561765E-11 -5.5400098823E-11 -6.0502115005E-01 1.2471807309E+02 -7.9021509909E-11 -6.2666658195E-13 4.2055884822E-11 7.8819021212E-11 1.2471184244E+02 1.0899816595E+00 -5.5773475299E-11 2.0658497245E-13 -1.0899816595E+00 1.2471184244E+02
12.00 1.2173445795E+02 -6.9724249584E-01 4.6229459015E-11 -5.4954863993E-11 -6.9724249584E-01 1.2173445795E+02 -8.1598597623E-11 -5.6967416560E-13 4.5185860951E-11 8.1339950770E-11 1.2172581044E+02 1.2724697928E+00 -5.5434384869E-11 3.4201554851E-14 -1.2724697928E+00 1.2172581044E+02
13.00 1.1856571381E+02 -7.8995601525E-01 4.9386328552E-11 -5.4501776546E-11 -7.8995601525E-01 1.1856571381E+02 -8.3973057499E-11 -4.8024398748E-13 4.8151906868E-11 8.3649912210E-11 1.1855406263E+02 1.4624280632E+00 -5.5104312471E-11 -1.8841616393E-13 -1.4624280632E+00 1.1855406263E+02
14.00 1.1522854811E+02 -8.8163576553E-01 5.2385141702E-11 -5.4043460966E-11 -8.8163576553E-01 1.1522854811E+02 -8.6137696001E-11 -3.5514995907E-13 5.0944525104E-11 8.5741580692E-11 1.1521324556E+02 1.6580301717E+00 -5.4786497712E-11 -4.6515541920E-13 -1.6580301717E+00 1.1521324556E+02
15.00 1.1174030428E+02 -9.7076217790E-01 5.5216872979E-11 -5.3583403627E-11 -9.7076217790E-01 1.1174030428E+02 -8.8086432868E-11 -1.9274718661E-13 5.3555352506E-11 8.7608870881E-11 1.1172064835E+02 1.8574050764E+00 -5.4484887180E-11 -7.9815854946E-13 -1.8574050764E+00 1.1172064835E+02
16.00 1.0811882468E+02 -1.0558447240E+00 5.7874655040E-11 -5.3124772262E-11 -1.0558447240E+00 1.0811882468E+02 -8.9812924141E-11 7.8904156765E-15 5.5978334807E-11 8.9245546445E-11 1.0809406725E+02 2.0586563208E+00 -5.4202972547E-11 -1.1886637586E-12 -2.0586563208E+00 1.0809406725E+02
17.00 1.0438231161E+02 -1.1354439925E+00 6.0349163037E-11 -5.2670557994E-11 -1.1354439925E+00 1.0438231161E+02 -9.1314465661E-11 2.4867263812E-13 5.8205068643E-11 9.0649135096E-11 1.0435166831E+02 2.2598814322E+00 -5.3943831356E-11 -1.6387745032E-12 -2.2598814322E+00 1.0435166831E+02
18.00 1.0054918789E+02 -1.2081928348E+00 6.2636970208E-11 -5.2221378698E-11 -1.2081928348E+00 1.0054918789E+02 -9.2583110670E-11 5.3174301778E-13 6.0233293978E-11 9.1811965487E-11 1.0051184922E+02 2.4591911637E+00 -5.3708095080E-11 -2.1505524867E-12 -2.4591911637E+00 1.0051184922E+02
19.00 9.6637958343E+01 -1.2728162558E+00 6.4728928264E-11 -5.1779278985E-11 -1.2728162558E+00 9.6637958343E+01 -9.3619925396E-11 8.5774233928E-13 6.2055043331E-11 9.2735581477E-11 9.6593101973E+01 2.6547283611E+00 -5.3497519338E-11 -2.7245500278E-12 -2.6547283611E+00 9.6593101973E+01
20.00 9.2667073506E+01 -1.3281497522E+00 6.6622907999E-11 -5.1348216765E-11 -1.3281497522E+00 9.2667073506E+01 -9.4419646919E-11 1.2255413821E-12 6.3669505941E-11 9.3415280736E-11 9.2613877419E+01 2.8446862387E+00 -5.3315779232E-11 -3.3591766616E-12 -2.8446862387E+00 9.2613877419E+01
21.00 8.8654796910E+01 -1.3731558265E+00 6.8312222453E-11 -5.0925885202E-11 -1.3731558265E+00 8.8654796910E+01 -9.4983065303E-11 1.6390724202E-12 6.5071539494E-11 9.3852421793E-11 8.8592453157E+01 3.0273258643E+00 -5.3159901266E-11 -4.0579564925E-12 -3.0273258643E+00 8.8592453157E+01
22.00 8.4619077114E+01 -1.4069384407E+00 6.9793406017E-11 -5.0519002548E-11 -1.4069384407E+00 8.4619077114E+01 -9.5309661569E-11 2.0918735358E-12 6.6259049403E-11 9.4047456550E-11 8.4546805864E+01 3.2009926603E+00 -5.3035983087E-11 -4.8136709050E-12 -3.2009926603E+00 8.4546805864E+01
23.00 8.0577425646E+01 -1.4287552084E+00 7.1064445783E-11 -5.0123043643E-11 -1.4287552084E+00 8.0577425646E+01 -9.5399294971E-11 2.5896291218E-12 6.7231876357E-11 9.4000865824E-11 8.0494489252E+01 3.3641317471E+00 -5.2938565180E-11 -5.6312350017E-12 -3.3641317471E+00 8.0494489252E+01
24.00 7.6546801922E+01 -1.4380271640E+00 7.2123442686E-11 -4.9740808305E-11 -1.4380271640E+00 7.6546801922E+01 -9.5252755734E-11 3.1287363092E-12 6.7989789189E-11 9.3714476523E-11 7.6452518693E+01 3.5153019711E+00 -5.2869484250E-11 -6.5060094497E-12 -3.5153019711E+00 7.6452518693E+01
25.00 7.2543506076E+01 -1.4343459897E+00 7.2968315906E-11 -4.9370874453E-11 -1.4343459897E+00 7.2543506076E+01 -9.4873650345E-11 3.7100689417E-12 6.8532574758E-11 9.3192829619E-11 7.2437263472E+01 3.6531884769E+00 -5.2826087532E-11 -7.4378495061E-12 -3.6531884769E+00 7.2437263472E+01
26.00 6.8583080560E+01 -1.4174786230E+00 7.3600604324E-11 -4.9016758771E-11 -1.4174786230E+00 6.8583080560E+01 -9.4262931840E-11 4.3287209935E-12 6.8863499861E-11 9.2438100282E-11 6.8464347528E+01 3.7766137060E+00 -5.2810775448E-11 -8.4204382309E-12 -3.7766137060E+00 6.8464347528E+01
27.00 6.4680221235E+01 -1.3873692123E+00 7.4017338526E-11 -4.8674897523E-11 -1.3873692123E+00 6.4680221235E+01 -9.3427104952E-11 4.9852502930E-12 6.8981625490E-11 9.1457890848E-11 6.4548559414E+01 3.8845467239E+00 -5.2818360872E-11 -9.4531852212E-12 -3.8845467239E+00 6.4548559414E+01
28.00 6.0848698542E+01 -1.3441384295E+00 7.4222800064E-11 -4.8346279224E-11 -1.3441384295E+00 6.0848698542E+01 -9.2367738537E-11 5.6771709774E-12 6.8893152286E-11 9.0254932121E-11 6.0703772116E+01 3.9761108024E+00 -5.2848512731E-11 -1.0531931737E-11 -3.9761108024E+00 6.0703772116E+01
29.00 5.7101289247E+01 -1.2880801945E+00 7.4217514526E-11 -4.8029337403E-11 -1.2880801945E+00 5.7101289247E+01 -9.1091999961E-11 6.4021597935E-12 6.8600576837E-11 8.8837655122E-11 5.6942873217E+01 4.0505892038E+00 -5.2897986665E-11 -1.1652920711E-11 -4.0505892038E+00 5.6942873217E+01
30.00 5.3449719085E+01 -1.2196559014E+00 7.4005700068E-11 -4.7724103158E-11 -1.2196559014E+00 5.3449719085E+01 -8.9604095117E-11 7.1567725556E-12 6.8110038767E-11 8.7211569140E-11 5.3277705803E+01 4.1074291402E+00 -5.2965273616E-11 -1.2810908968E-11 -4.1074291402E+00 5.3277705803E+01
31.00 4.9904616530E+01 -1.1394862827E+00 7.3588767300E-11 -4.7427803751E-11 -1.1394862827E+00 4.9904616530E+01 -8.7912674649E-11 7.9391147714E-12 6.7424971257E-11 8.5386583832E-11 4.9719020340E+01 4.1462439010E+00 -5.3045699704E-11 -1.4002463125E-11 -4.1462439010E+00 4.9719020340E+01
32.00 4.6475477772E+01 -1.0483410740E+00 7.2971611838E-11 -4.7140358413E-11 -1.0483410740E+00 4.6475477772E+01 -8.6024488954E-11 8.7450038362E-12 6.6552088779E-11 8.3370822663E-11 4.6276437667E+01 4.1668131683E+00 -5.3137475068E-11 -1.5221562736E-11 -4.1668131683E+00 4.6276437667E+01
33.00 4.3170642859E+01 -9.4712668238E-01 7.2158619115E-11 -4.6859417430E-11 -9.4712668238E-01 4.3170642859E+01 -8.3948022223E-11 9.5713761857E-12 6.5497696006E-11 8.1174056285E-11 4.2958423096E+01 4.1690815567E+00 -5.3236383934E-11 -1.6463405041E-11 -4.1690815567E+00 4.2958423096E+01
34.00 3.9997282844E+01 -8.3687208298E-01 7.1155163306E-11 -4.6581091566E-11 -8.3687208298E-01 3.9997282844E+01 -8.1691774993E-11 1.0416403291E-11 6.4269203521E-11 7.8805888441E-11 3.9772271496E+01 4.1531554411E+00 -5.3336654156E-11 -1.7724371563E-11 -4.1531554411E+00 3.9772271496E+01
35.00 3.6961397674E+01 -7.1871319487E-01 6.9969026512E-11 -4.6306985591E-11 -7.1871319487E-01 3.6961397674E+01 -7.9263358521E-11 1.1272925051E-11 6.2875794635E-11 7.6275512539E-11 3.6724103149E+01 4.1192981490E+00 -5.3438284006E-11 -1.8995241326E-11 -4.1192981490E+00 3.6724103149E+01
36.00 3.4067824413E+01 -5.9387600620E-01 6.8604974837E-11 -4.6034049403E-11 -5.9387600620E-01 3.4067824413E+01 -7.6674577920E-11 1.2137909520E-11 6.1323930067E-11 7.3595914259E-11 3.3818870013E+01 4.0679236182E+00 -5.3536163734E-11 -2.0271410914E-11 -4.0679236182E+00 3.3818870013E+01
37.00 3.1320255349E+01 -4.6365873094E-01 6.7071640389E-11 -4.5755902202E-11 -4.6365873094E-01 3.1320255349E+01 -7.3933988030E-11 1.3010623887E-11 5.9624329342E-11 7.0776392463E-11 3.1060371963E+01 3.9995886329E+00 -5.3622243906E-11 -2.1550205336E-11 -3.9995886329E+00 3.1060371963E+01
38.00 2.8721265382E+01 -3.2941328950E-01 6.5376518780E-11 -4.5475864503E-11 -3.2941328950E-01 2.8721265382E+01 -7.1052479344E-11 1.3881484697E-11 5.7785216764E-11 6.7829642200E-11 2.8451282469E+01 3.9149837657E+00 -5.3698100060E-11 -2.2820250739E-11 -3.9149837657E+00 2.8451282469E+01
39.00 2.6272348069E+01 -1.9252640880E-01 6.3526478144E-11 -4.5187440202E-11 -1.9252640880E-01 2.6272348069E+01 -6.8042072764E-11 1.4749917732E-11 5.5815306683E-11 6.4768262364E-11 2.5993183103E+01 3.8149231695E+00 -5.3755306142E-11 -2.4079434185E-11 -3.8149231695E+00 2.5993183103E+01
40.00 2.3973959592E+01 -5.4400636246E-02 6.1531261347E-11 -4.4888716419E-11 -5.4400636246E-02 2.3973959592E+01 -6.4913580132E-11 1.5611002777E-11 5.3725469650E-11 6.1604082884E-11 2.3686606175E+01 3.7003333672E+00 -5.3790448649E-11 -2.5321112449E-11 -3.7003333672E+00 2.3686606175E+01
41.00 2.1825569876E+01 8.3564444349E-02 5.9402216489E-11 -4.4578486402E-11 8.3564444349E-02 2.1825569876E+01 -6.1676171135E-11 1.6458735217E-11 5.1527856062E-11 5.8347442894E-11 2.1531084743E+01 3.5722411996E+00 -5.3801105665E-11 -2.6537334194E-11 -3.5722411996E+00 2.1531084743E+01
42.00 1.9825720036E+01 2.1999051733E-01 5.7144102420E-11 -4.4252278444E-11 2.1999051733E-01 1.9825720036E+01 -5.8346247403E-11 1.7290441561E-11 4.9228483339E-11 5.5015193412E-11 1.9525209216E+01 3.4317610958E+00 -5.3780597120E-11 -2.7724647136E-11 -3.4317610958E+00 1.9525209216E+01
43.00 1.7972085298E+01 3.5353809786E-01 5.4770241724E-11 -4.3907322432E-11 3.5353809786E-01 1.7972085298E+01 -5.4932447730E-11 1.8101699136E-11 4.6841404759E-11 5.1616696571E-11 1.7666689671E+01 3.2800818333E+00 -5.3725369195E-11 -2.8876670750E-11 -3.2800818333E+00 1.7666689671E+01
44.00 1.6261542511E+01 4.8292310934E-01 5.2290978338E-11 -4.3542460386E-11 4.8292310934E-01 1.6261542511E+01 -5.1446353401E-11 1.8886693611E-11 4.4377241451E-11 4.8164405276E-11 1.5952423053E+01 3.1184529555E+00 -5.3633026676E-11 -2.9986219761E-11 -3.1184529555E+00 1.5952423053E+01
45.00 1.4690241374E+01 6.0693225458E-01 4.9715217770E-11 -4.3154886157E-11 6.0693225458E-01 1.4690241374E+01 -4.7902121418E-11 1.9641329797E-11 4.1845389408E-11 4.4672857004E-11 1.4378564342E+01 2.9481710148E+00 -5.3499361727E-11 -3.1048384215E-11 -2.9481710148E+00 1.4378564342E+01
46.00 1.3253678471E+01 7.2443698524E-01 4.7053930924E-11 -4.2740338812E-11 7.2443698524E-01 1.3253678471E+01 -4.4310867991E-11 2.0362884053E-11 3.9257339506E-11 4.1153255203E-11 1.2940600805E+01 2.7705658026E+00 -5.3319269129E-11 -3.2059068041E-11 -2.7705658026E+00 1.2940600805E+01
47.00 1.1946773249E+01 8.3440590201E-01 4.4316240826E-11 -4.2297758845E-11 8.3440590201E-01 1.1946773249E+01 -4.0686873864E-11 2.1045897574E-11 3.6622156676E-11 3.7620210298E-11 1.1633428452E+01 2.5869867265E+00 -5.3090418771E-11 -3.3012370520E-11 -2.5869867265E+00 1.1633428452E+01
48.00 1.0763945078E+01 9.3591544772E-01 4.1515400768E-11 -4.1824291511E-11 9.3591544772E-01 1.0763945078E+01 -3.7039627643E-11 2.1687024227E-11 3.3952865040E-11 3.4083365427E-11 1.0451429804E+01 2.3987894823E+00 -5.2809747917E-11 -3.3903567585E-11 -2.3987894823E+00 1.0451429804E+01
49.00 9.6991905654E+00 1.0281587868E+00 3.8661312759E-11 -4.1317262279E-11 1.0281587868E+00 9.6991905654E+00 -3.3382232287E-11 2.2282654967E-11 3.1259235475E-11 3.0555669991E-11 9.3885521561E+00 2.2073231627E+00 -5.2473835614E-11 -3.4728534899E-11 -2.2073231627E+00 9.3885521561E+00
50.00 8.7461603320E+00 1.1104527964E+00 3.5765363075E-11 -4.0774934609E-11 1.1104527964E+00 8.7461603320E+00 -2.9726008969E-11 2.2828997103E-11 2.8552014546E-11 2.7048379120E-11 8.4383854910E+00 2.0139179341E+00 -5.2080585072E-11 -3.5482845049E-11 -2.0139179341E+00 8.4383854910E+00
51.00 7.8982345134E+00 1.1822431268E+00 3.2837496113E-11 -4.0194974144E-11 1.1822431268E+00 7.8982345134E+00 -2.6083421373E-11 2.3322881929E-11 2.5840666368E-11 2.3573496203E-11 7.5942392927E+00 1.8198733975E+00 -5.1627210454E-11 -3.6163016591E-11 -1.8198733975E+00 7.5942392927E+00
52.00 7.1485962848E+00 1.2431073195E+00 2.9888478690E-11 -3.9576556574E-11 1.2431073195E+00 7.1485962848E+00 -2.2466004225E-11 2.3760319097E-11 2.3134958628E-11 2.0142257776E-11 6.8492175309E+00 1.6264477398E+00 -5.1112590813E-11 -3.6764953730E-11 -1.6264477398E+00 6.8492175309E+00
53.00 6.4903027815E+00 1.2927560048E+00 2.6928750366E-11 -3.8917438441E-11 1.2927560048E+00 6.4903027815E+00 -1.8885185423E-11 2.4138955900E-11 2.0444544315E-11 1.6765348463E-11 6.1962911485E+00 1.4348477658E+00 -5.0534511755E-11 -3.7286112305E-11 -1.4348477658E+00 6.1962911485E+00
54.00 5.9163528399E+00 1.3310322257E+00 2.3969557156E-11 -3.8215261826E-11 1.3310322257E+00 5.9163528399E+00 -1.5350987921E-11 2.4457039101E-11 1.7779537373E-11 1.3452086371E-11 5.6283674483E+00 1.2462198872E+00 -4.9891073327E-11 -3.7724344982E-11 -1.2462198872E+00 5.6283674483E+00
55.00 5.4197510522E+00 1.3579089680E+00 2.1020780324E-11 -3.7470460000E-11 1.3579089680E+00 5.4197510522E+00 -1.1874265766E-11 2.4710723629E-11 1.5148285615E-11 1.0212692407E-11 5.1383558354E+00 1.0616421296E+00 -4.9182568223E-11 -3.8076317569E-11 -1.0616421296E+00 5.1383558354E+00
56.00 4.9935676948E+00 1.3734849971E+00 1.8093010745E-11 -3.6681253817E-11 1.3734849971E+00 4.9935676948E+00 -8.4645504842E-12 2.4898698019E-11 1.2559937910E-11 7.0557714340E-12 4.7192294419E+00 8.8211720272E-01 -4.8407828513E-11 -3.8340687914E-11 -8.8211720272E-01 4.7192294419E+00
57.00 4.6309941606E+00 1.3779791281E+00 1.5195104413E-11 -3.5846930199E-11 1.3779791281E+00 4.6309941606E+00 -5.1324048097E-12 2.5019226751E-11 1.0021980476E-11 3.9906175337E-12 4.3640822311E+00 7.0856666482E-01 -4.7566504704E-11 -3.8516192928E-11 -7.0856666482E-01 4.3640822311E+00
58.00 4.3253935953E+00 1.3717230727E+00 1.2336436218E-11 -3.4966958781E-11 1.3717230727E+00 4.3253935953E+00 -1.8871051620E-12 2.5070890902E-11 7.5421198946E-12 1.0253277448E-12 4.0661812477E+00 5.4182619564E-01 -4.6658691689E-11 -3.8601821942E-11 -5.4182619564E-01 4.0661812477E+00
59.00 4.0703465055E+00 1.3551530280E+00 9.5266467374E-12 -3.4040794445E-11 1.3551530280E+00 4.0703465055E+00 1.2632358281E-12 2.5052991001E-11 5.1280189816E-12 -1.8331094450E-12 3.8190137550E+00 3.8264197957E-01 -4.5684742673E-11 -3.8597246532E-11 -3.8264197957E-01 3.8190137550E+00
60.00 3.8596911772E+00 1.3288001782E+00 6.7739120816E-12 -3.3069724800E-11 1.3288001782E+00 3.8596911772E+00 4.3097274935E-12 2.4963450143E-11 2.7860597670E-12 -4.5771831127E-12 3.6163290672E+00 2.3166818497E-01 -4.4646325169E-11 -3.8501440047E-11 -2.3166818497E-01 3.6163290672E+00
61.00 3.6875588069E+00 1.2932802995E+00 4.0865190835E-12 -3.2052897742E-11 1.2932802995E+00 3.6875588069E+00 7.2447949267E-12 2.4802931782E-11 5.2258642857E-13 -7.2008223630E-12 3.4521749584E+00 8.9465513580E-02 -4.3543807505E-11 -3.8315388717E-11 -8.9465513580E-02 3.4521749584E+00
62.00 3.5484033126E+00 1.2492826569E+00 1.4733335476E-12 -3.0991174154E-11 1.2492826569E+00 3.5484033126E+00 1.0062462452E-11 2.4571085218E-11 -1.6559907972E-12 -9.6992066089E-12 3.3209285946E+00 -4.3499218754E-02 -4.2378944911E-11 -3.8039590700E-11 4.3499218754E-02 3.3209285946E+00
63.00 3.4370258517E+00 1.1975583904E+00 -1.0596616415E-12 -2.9885538650E-11 1.1975583904E+00 3.4370258517E+00 1.2754594592E-11 2.4268013684E-11 -3.7453076489E-12 -1.2066153972E-11 3.2173219988E+00 -1.6685251972E-01 -4.1153681977E-11 -3.7675040360E-11 1.6685251972E-01 3.2173219988E+00
64.00 3.3485941289E+00 1.1389085850E+00 -3.5056348999E-12 -2.8737298849E-11 1.1389085850E+00 3.3485941289E+00 1.5315308261E-11 2.3894023532E-11 -5.7407091198E-12 -1.4297411450E-11 3.1364621223E+00 -2.8031273611E-01 -3.9870353200E-11 -3.7222923553E-11 2.8031273611E-01 3.1364621223E+00
65.00 3.2786566283E+00 1.0741722180E+00 -5.8566519122E-12 -2.7546969640E-11 1.0741722180E+00 3.2786566283E+00 1.7740859752E-11 2.3450945581E-11 -7.6369833155E-12 -1.6390328786E-11 3.0738456483E+00 -3.8368771555E-01 -3.8530765387E-11 -3.6685822373E-11 3.8368771555E-01 3.0738456483E+00
66.00 3.2231519541E+00 1.0042141676E+00 -8.1088324545E-12 -2.6316738204E-11 1.0042141676E+00 3.2231519541E+00 2.0024472282E-11 2.2939309138E-11 -9.4318177618E-12 -1.8340391821E-11 3.0253687075E+00 -4.7687168983E-01 -3.7138148483E-11 -3.6065202166E-11 4.7687168983E-01 3.0253687075E+00
67.00 3.1784135017E+00 9.2991346189E-01 -1.0255194141E-11 -2.5048595826E-11 9.2991346189E-01 3.1784135017E+00 2.2163844688E-11 2.2360588511E-11 -1.1120930762E-11 -2.0146489813E-11 2.9873317324E+00 -5.5984146098E-01 -3.5695455048E-11 -3.5363686608E-11 5.5984146098E-01 2.9873317324E+00
68.00 3.1411697230E+00 8.5215193157E-01 -1.2292212506E-11 -2.3745123704E-11 8.5215193157E-01 3.1411697230E+00 2.4154097992E-11 2.1716165022E-11 -1.2702486052E-11 -2.1805828386E-11 2.9564397155E+00 -6.3265197594E-01 -3.4206409820E-11 -3.4583527265E-11 6.3265197594E-01 2.9564397155E+00
69.00 3.1085402789E+00 7.7180341886E-01 -1.4214727778E-11 -2.2407849485E-11 7.7180341886E-01 3.1085402789E+00 2.5993585143E-11 2.1009042197E-11 -1.4173889040E-11 -2.3318040191E-11 2.9297981750E+00 -6.9543137839E-01 -3.2673759337E-11 -3.3728605065E-11 6.9543137839E-01 2.9297981750E+00
70.00 3.0780283984E+00 6.8972367788E-01 -1.6019978053E-11 -2.1039207607E-11 6.8972367788E-01 3.0780283984E+00 2.7679103594E-11 2.0241730464E-11 -1.5534251286E-11 -2.4681739153E-11 2.9049051600E+00 -7.4837562812E-01 -3.1101164879E-11 -3.2802128691E-11 7.4837562812E-01 2.9049051600E+00
71.00 3.0475097855E+00 6.0674108488E-01 -1.7704484346E-11 -1.9642322124E-11 6.0674108488E-01 3.0475097855E+00 2.9209647673E-11 1.9416607688E-11 -1.6782200115E-11 -2.5897456146E-11 2.8796396513E+00 -7.9174277847E-01 -2.9492651349E-11 -3.1807531755E-11 7.9174277847E-01 2.8796396513E+00
72.00 3.0152184326E+00 5.2364825812E-01 -1.9265923911E-11 -1.8220419810E-11 5.2364825812E-01 3.0152184326E+00 3.0583959774E-11 1.8536385839E-11 -1.7917231750E-11 -2.6965578020E-11 2.8522467334E+00 -8.2584700152E-01 -2.7852423496E-11 -3.0748316433E-11 8.2584700152E-01 2.8522467334E+00
73.00 2.9797297060E+00 4.4119466772E-01 -2.0702180250E-11 -1.6776219785E-11 4.4119466772E-01 2.9797297060E+00 3.1802102293E-11 1.7604716193E-11 -1.8939253038E-11 -2.7887517886E-11 2.8213199245E+00 -8.5105244826E-01 -2.6184199950E-11 -2.9628903184E-11 8.5105244826E-01 2.8213199245E+00
74.00 2.9399410795E+00 3.6008029623E-01 -2.2011896466E-11 -1.5312754002E-11 3.6008029623E-01 2.9399410795E+00 3.2864261863E-11 1.6625448247E-11 -1.9848711483E-11 -2.8664775953E-11 2.7857810604E+00 -8.6776702795E-01 -2.4491927669E-11 -2.8453781895E-11 8.6776702795E-01 2.7857810604E+00
75.00 2.8950508911E+00 2.8095039029E-01 -2.3195036292E-11 -1.3834731817E-11 2.8095039029E-01 2.8950508911E+00 3.3770641580E-11 1.5600853876E-11 -2.0646785916E-11 -2.9299377787E-11 2.7448581296E+00 -8.7643618625E-01 -2.2781107807E-11 -2.7225878577E-11 8.7643618625E-01 2.7448581296E+00
76.00 2.8445354948E+00 2.0439132427E-01 -2.4250409611E-11 -1.2344409846E-11 2.0439132427E-01 2.8445354948E+00 3.4523628858E-11 1.4536180030E-11 -2.1334291735E-11 -2.9794454766E-11 2.6980614538E+00 -8.7753675666E-01 -2.1054674700E-11 -2.5951039563E-11 8.7753675666E-01 2.6980614538E+00
77.00 2.7881251752E+00 1.3092757749E-01 -2.5179162072E-11 -1.0846518168E-11 1.3092757749E-01 2.7881251752E+00 3.5124450245E-11 1.3434363441E-11 -2.1913363753E-11 -3.0152808475E-11 2.6451586030E+00 -8.7157095380E-01 -1.9318096963E-11 -2.4632589985E-11 8.7157095380E-01 2.6451586030E+00
78.00 2.7257791775E+00 6.1019807946E-02 -2.5981661077E-11 -9.3443781227E-12 6.1019807946E-02 2.7257791775E+00 3.5576076940E-11 1.2300216823E-11 -2.2385789532E-11 -3.0378235004E-11 2.5861484188E+00 -8.5906057031E-01 -1.7575177423E-11 -2.3275775862E-11 8.5906057031E-01 2.5861484188E+00
79.00 2.6576601966E+00 -4.9360112507E-03 -2.6659036963E-11 -7.8409732564E-12 -4.9360112507E-03 2.6576601966E+00 3.5881816888E-11 1.1138785327E-11 -2.2754074223E-11 -3.0474757536E-11 2.5212345105E+00 -8.4054143213E-01 -1.5829310333E-11 -2.1885984576E-11 8.4054143213E-01 2.5212345105E+00
80.00 2.5841086494E+00 -6.6608443157E-02 -2.7213818251E-11 -6.3412759504E-12 -6.6608443157E-02 2.5841086494E+00 3.6044519553E-11 9.9535060790E-12 -2.3021314619E-11 -3.0446407986E-11 2.4507985636E+00 -8.1655815931E-01 -1.4085939697E-11 -2.0466725515E-11 8.1655815931E-01 2.4507985636E+00
81.00 2.5056170350E+00 -1.2372949014E-01 -2.7648171061E-11 -4.8498111215E-12 -1.2372949014E-01 2.5056170350E+00 3.6068517059E-11 8.7482718692E-12 -2.3190269456E-11 -3.0298417956E-11 2.3753737834E+00 -7.8765927178E-01 -1.2349795683E-11 -1.9022094335E-11 7.8765927178E-01 2.3753737834E+00
82.00 2.4228046677E+00 -1.7609262604E-01 -2.7964246685E-11 -3.3694376063E-12 -1.7609262604E-01 2.4228046677E+00 3.5958614424E-11 7.5289008212E-12 -2.3264065517E-11 -3.0035806529E-11 2.2956187710E+00 -7.5439267160E-01 -1.0623691568E-11 -1.7558017810E-11 7.5439267160E-01 2.2956187710E+00
83.00 2.3363930436E+00 -2.2355004495E-01 -2.8165953199E-11 -1.9048756677E-12 -2.2355004495E-01 2.3363930436E+00 3.5719105635E-11 6.2991993510E-12 -2.3246792648E-11 -2.9663608485E-11 2.2122921039E+00 -7.1730152538E-01 -8.9126168070E-12 -1.6078040533E-11 7.1730152538E-01 2.2122921039E+00
84.00 2.2471820761E+00 -2.6600922322E-01 -2.8256754629E-11 -4.5939557309E-13 -2.6600922322E-01 2.2471820761E+00 3.5355445776E-11 5.0643713005E-12 -2.3142405955E-11 -2.9187427283E-11 2.1262278637E+00 -6.7692056271E-01 -7.2197090186E-12 -1.4587303263E-11 6.7692056271E-01 2.1262278637E+00
85.00 2.1560274132E+00 -3.0342889750E-01 -2.8240384217E-11 9.6210824732E-13 -3.0342889750E-01 2.1560274132E+00 3.4873326735E-11 3.8282153570E-12 -2.2954401766E-11 -2.8613497151E-11 2.0383123288E+00 -6.3377279921E-01 -5.5496659569E-12 -1.3089321252E-11 6.3377279921E-01 2.0383123288E+00
86.00 2.0638190178E+00 -3.3581456672E-01 -2.8121955929E-11 2.3569832073E-12 -3.3581456672E-01 2.0638190178E+00 3.4277902326E-11 2.5965078907E-12 -2.2688318718E-11 -2.7946589054E-11 1.9494620178E+00 -5.8836668529E-01 -3.9050357837E-12 -1.1589388980E-11 5.8836668529E-01 1.9494620178E+00
87.00 1.9714611729E+00 -3.6321362799E-01 -2.7905025629E-11 3.7203530818E-12 -3.6321362799E-01 1.9714611729E+00 3.3576448548E-11 1.3726968657E-12 -2.2346985249E-11 -2.7194461294E-11 1.8606032415E+00 -5.4119367538E-01 -2.2900815859E-12 -1.0090798270E-11 5.4119367538E-01 1.8606032415E+00
88.00 1.8798540390E+00 -3.8571025703E-01 -2.7594858149E-11 5.0488248733E-12 -3.8571025703E-01 1.8798540390E+00 3.2775016383E-11 1.6156011521E-13 -2.1935404730E-11 -2.6362911237E-11 1.7726532914E+00 -4.9272620595E-01 -7.0785388810E-13 -8.5977276436E-12 4.9272620595E-01 1.7726532914E+00
89.00 1.7898768724E+00 -4.0342014227E-01 -2.7197349689E-11 6.3391619327E-12 -4.0342014227E-01 1.7898768724E+00 3.1879597222E-11 -1.0321824313E-12 -2.1459166567E-11 -2.5457435054E-11 1.6865033651E+00 -4.4341606519E-01 8.3876319396E-13 -7.1141878970E-12 4.4341606519E-01 1.6865033651E+00
90.00 1.7023729806E+00 -4.1648517839E-01 -2.6716951818E-11 7.5878237594E-12 -4.1648517839E-01 1.7023729806E+00 3.0897895246E-11 -2.2042506147E-12 -2.0921827303E-11 -2.4485583277E-11 1.6030032997E+00 -3.9369313231E-01 2.3471497002E-12 -5.6441339964E-12 3.9369313231E-01 1.6030032997E+00
91.00 1.6181364706E+00 -4.2506821996E-01 -2.6159890306E-11 8.7912068416E-12 -4.2506821996E-01 1.6181364706E+00 2.9836260707E-11 -3.3508847747E-12 -2.0328814258E-11 -2.3453232405E-11 1.5229481594E+00 -3.4396446002E-01 3.8140682135E-12 -4.1903935871E-12 3.4396446002E-01 1.5229481594E+00
92.00 1.5379008211E+00 -4.2934798942E-01 -2.5531744053E-11 9.9461800912E-12 -4.2934798942E-01 1.5379008211E+00 2.8702028401E-11 -4.4679328016E-12 -1.9684703336E-11 -2.2367161288E-11 1.4470666967E+00 -2.9461367049E-01 5.2371862880E-12 -2.7564772203E-12 2.9461367049E-01 1.4470666967E+00
93.00 1.4623292835E+00 -4.2951422551E-01 -2.4838442917E-11 1.1049852592E-11 -4.2951422551E-01 1.4623292835E+00 2.7502142981E-11 -5.5515370348E-12 -1.8994427495E-11 -2.1233640886E-11 1.3760116833E+00 -2.4600063211E-01 6.6143462542E-12 -1.3454702498E-12 2.4600063211E-01 1.3760116833E+00
94.00 1.3920071007E+00 -4.2576314924E-01 -2.4086023178E-11 1.2099636727E-11 -4.2576314924E-01 1.3920071007E+00 2.6243903248E-11 -6.5977227881E-12 -1.8262859388E-11 -2.0059160622E-11 1.3103520858E+00 -1.9846138261E-01 7.9438502031E-12 3.9324378395E-14 1.9846138261E-01 1.3103520858E+00
95.00 1.3274355077E+00 -4.1829331439E-01 -2.3280476426E-11 1.3092853295E-11 -4.1829331439E-01 1.3274355077E+00 2.4934491815E-11 -7.6031586599E-12 -1.7494672895E-11 -1.8850160835E-11 1.2505670407E+00 -1.5230826259E-01 9.2238035354E-12 1.3953786347E-12 1.5230826259E-01 1.2505670407E+00
96.00 1.2690274632E+00 -4.0730189869E-01 -2.2427867816E-11 1.4026711954E-11 -4.0730189869E-01 1.2690274632E+00 2.3581119565E-11 -8.5649924956E-12 -1.6694487619E-11 -1.7613053672E-11 1.1970415651E+00 -1.0783022336E-01 1.0452080377E-11 2.7207783518E-12 1.0783022336E-01 1.1970415651E+00
97.00 1.2171050429E+00 -3.9298148048E-01 -2.1534298359E-11 1.4899548775E-11 -3.9298148048E-01 1.2171050429E+00 2.2190918809E-11 -9.4795296929E-12 -1.5867046540E-11 -1.6353945259E-11 1.1500639243E+00 -6.5293272736E-02 1.1628070978E-11 4.0124152678E-12 6.5293272736E-02 1.1500639243E+00
98.00 1.1718984108E+00 -3.7551733396E-01 -2.0605929206E-11 1.5709268753E-11 -3.7551733396E-01 1.1718984108E+00 2.0770826826E-11 -1.0344186455E-11 -1.5017020459E-11 -1.5078795888E-11 1.1098245639E+00 -2.4941023939E-02 1.2750398902E-11 5.2685375047E-12 2.4941023939E-02 1.1098245639E+00
99.00 1.1335462736E+00 -3.5508526462E-01 -1.9648826297E-11 1.6454157618E-11 -3.5508526462E-01 1.1335462736E+00 1.9327692620E-11 -1.1156346622E-11 -1.4148960073E-11 -1.3793415972E-11 1.0764165028E+00 1.3004686418E-02 1.3818161940E-11 6.4872521559E-12 -1.3004686418E-02 1.0764165028E+00
100.00 1.1020977081E+00 -3.3184999445E-01 -1.8668696750E-11 1.7132864978E-11 -3.3184999445E-01 1.1020977081E+00 1.7868421474E-11 -1.1913505578E-11 -1.3266937834E-11 -1.2503756838E-11 1.0498370731E+00 4.8343142626E-02 1.4830834549E-11 7.6666914817E-12 -4.8343142626E-02 1.0498370731E+00
101.00 1.0775152477E+00 -3.0596409578E-01 -1.7671338159E-11 1.7744071985E-11 -3.0596409578E-01 1.0775152477E+00 1.6399745968E-11 -1.2613724261E-11 -1.2375126458E-11 -1.1215496821E-11 1.0299908873E+00 8.0894085561E-02 1.5787747368E-11 8.8056105664E-12 -8.0894085561E-02 1.0299908873E+00
102.00 1.0596791017E+00 -2.7756746131E-01 -1.6662747070E-11 1.8286767142E-11 -2.7756746131E-01 1.0596791017E+00 1.4927714080E-11 -1.3255191483E-11 -1.1478063233E-11 -9.9334971356E-12 1.0166939075E+00 1.1049706568E-01 1.6688589664E-11 9.9027446550E-12 -1.1049706568E-01 1.0166939075E+00
103.00 1.0483923795E+00 -2.4678728834E-01 -1.5648007611E-11 1.8760515597E-11 -2.4678728834E-01 1.0483923795E+00 1.3458916033E-11 -1.3836043436E-11 -1.0579083587E-11 -8.6634612410E-12 1.0096784868E+00 1.3701083587E-01 1.7533572581E-11 1.0956689620E-11 -1.3701083587E-01 1.0096784868E+00
104.00 1.0433871844E+00 -2.1373854561E-01 -1.4632914996E-11 1.9164693745E-11 -2.1373854561E-01 1.0433871844E+00 1.1998887485E-11 -1.4355106728E-11 -9.6825558185E-12 -7.4097384839E-12 1.0085992544E+00 1.6031280306E-01 1.8322632895E-11 1.1966672112E-11 -1.6031280306E-01 1.0085992544E+00
105.00 1.0443314428E+00 -1.7852488310E-01 -1.3622013262E-11 1.9499215970E-11 -1.7852488310E-01 1.0443314428E+00 1.0553835232E-11 -1.4811334951E-11 -8.7913618105E-12 -6.1776509311E-12 1.0130397130E+00 1.8029855341E-01 1.9056037069E-11 1.2932038997E-11 -1.8029855341E-01 1.0130397130E+00
106.00 1.0508363317E+00 -1.4123993800E-01 -1.2620842064E-11 1.9764427495E-11 -1.4123993800E-01 1.0508363317E+00 9.1285219239E-12 -1.5203666219E-11 -7.9096191587E-12 -4.9709137756E-12 1.0225194207E+00 1.9688146201E-01 1.9734657931E-11 1.3851784923E-11 -1.9688146201E-01 1.0225194207E+00
107.00 1.0624641700E+00 -1.0196898392E-01 -1.1633624964E-11 1.9959854374E-11 -1.0196898392E-01 1.0624641700E+00 7.7284555497E-12 -1.5532331037E-11 -7.0402206259E-12 -3.7940114909E-12 1.0365016321E+00 2.0999239390E-01 2.0358102897E-11 1.4726433820E-11 -2.0999239390E-01 1.0365016321E+00
108.00 1.0787366405E+00 -6.0790865735E-02 -1.0664735583E-11 2.0086847554E-11 -6.0790865735E-02 1.0787366405E+00 6.3584578605E-12 -1.5796429414E-11 -6.1860268232E-12 -2.6510085983E-12 1.0544012774E+00 2.1957949892E-01 2.0927956909E-11 1.5554986356E-11 -2.1957949892E-01 1.0544012774E+00
109.00 1.0991432134E+00 -1.7780158952E-02 -9.7182562925E-12 2.0145981395E-11 -1.7780158952E-02 1.0991432134E+00 5.0230166800E-12 -1.5996139332E-11 -5.3499070060E-12 -1.5455143595E-12 1.0755931643E+00 2.2560809917E-01 2.1444806404E-11 1.6337524611E-11 -2.2560809917E-01 1.0755931643E+00
110.00 1.1231496476E+00 2.6990509877E-02 -8.7981072293E-12 2.0138388203E-11 2.6990509877E-02 1.1231496476E+00 3.7261344624E-12 -1.6131817114E-11 -4.5345862186E-12 -4.8074244662E-13 1.0994202913E+00 2.2806066388E-01 2.1909719620E-11 1.7074115025E-11 -2.2806066388E-01 1.0994202913E+00
111.00 1.1502064517E+00 7.3448045984E-02 -7.9078857911E-12 2.0065641269E-11 7.3448045984E-02 1.1502064517E+00 2.4715407477E-12 -1.6203675200E-11 -3.7425103274E-12 5.4020574349E-13 1.1252021713E+00 2.2693686292E-01 2.2324052086E-11 1.7764595388E-11 -2.2693686292E-01 1.1252021713E+00
112.00 1.1797571933E+00 1.2151643665E-01 -7.0507299882E-12 1.9928884000E-11 1.2151643665E-01 1.1797571933E+00 1.2626890037E-12 -1.6212996353E-11 -2.9758994464E-12 1.5145937455E-12 1.1522430688E+00 2.2225368692E-01 2.2688610703E-11 1.8409711088E-11 -2.2225368692E-01 1.1522430688E+00
113.00 1.2112465545E+00 1.7111433158E-01 -6.2291639847E-12 1.9730008699E-11 1.7111433158E-01 1.2112465545E+00 1.0303773490E-13 -1.6160679039E-11 -2.2364207799E-12 2.4395287997E-12 1.1798400631E+00 2.1404561898E-01 2.3004749346E-11 1.9009766074E-11 -2.1404561898E-01 1.1798400631E+00
114.00 1.2441280367E+00 2.2215271352E-01 -5.4464853611E-12 1.9471085767E-11 2.2215271352E-01 1.2441280367E+00 -1.0054370520E-12 -1.6047886702E-11 -1.5264928454E-12 3.3133796071E-12 1.2072908577E+00 2.0236484048E-01 2.3274021822E-11 1.9565019174E-11 -2.0236484048E-01 1.2072908577E+00
115.00 1.2778712316E+00 2.7453271581E-01 -4.7041002723E-12 1.9154517597E-11 2.7453271581E-01 1.2778712316E+00 -2.0596243027E-12 -1.5875993389E-11 -8.4696918910E-13 4.1335396188E-12 1.2339012644E+00 1.8728145136E-01 2.3497915942E-11 2.0076064735E-11 -1.8728145136E-01 1.2339012644E+00
116.00 1.3119685803E+00 3.2814363890E-01 -4.0043538832E-12 1.8782147258E-11 3.2814363890E-01 1.3119685803E+00 -3.0579370708E-12 -1.5647216513E-11 -1.9967813843E-13 4.8987115789E-12 1.2589922992E+00 1.6888368361E-01 2.3677542775E-11 2.0543879531E-11 -1.6888368361E-01 1.2589922992E+00
117.00 1.3459415565E+00 3.8286121280E-01 -3.3490308785E-12 1.8357127913E-11 3.8286121280E-01 1.3459415565E+00 -3.9989928232E-12 -1.5362996193E-11 4.1413074314E-13 5.6076160670E-12 1.2819068339E+00 1.4727808573E-01 2.3814932163E-11 2.0968800224E-11 -1.4727808573E-01 1.2819068339E+00
118.00 1.3793462145E+00 4.3854614633E-01 -2.7390589533E-12 1.7881939183E-11 4.3854614633E-01 1.3793462145E+00 -4.8812029078E-12 -1.5025612068E-11 9.9369752831E-13 6.2588854303E-12 1.3020157577E+00 1.2258965508E-01 2.3911379080E-11 2.1351740079E-11 -1.2258965508E-01 1.3020157577E+00
119.00 1.4117780599E+00 4.9504299753E-01 -2.1750783675E-12 1.7359354812E-11 4.9504299753E-01 1.4117780599E+00 -5.7033352794E-12 -1.4637613133E-11 1.5384226244E-12 6.8514478279E-12 1.3187236099E+00 9.4961895320E-02 2.3968413376E-11 2.1693751007E-11 -9.4961895320E-02 1.3187236099E+00
120.00 1.4428762045E+00 5.5217939285E-01 -1.6587939079E-12 1.6793019421E-11 5.5217939285E-01 1.4428762045E+00 -6.4659901372E-12 -1.4200838815E-11 2.0470146127E-12 7.3855089704E-12 1.3314736506E+00 6.4556776170E-02 2.3988090188E-11 2.1995198339E-11 -6.4556776170E-02 1.3314736506E+00
121.00 1.4723267812E+00 6.0976561532E-01 -1.1892127842E-12 1.6184912415E-11 6.0976561532E-01 1.4723267812E+00 -7.1675909249E-12 -1.3719153782E-11 2.5198991348E-12 7.8598357513E-12 1.3397523480E+00 3.1554574140E-02 2.3971171951E-11 2.2257894813E-11 -3.1554574140E-02 1.3397523480E+00
122.00 1.4998656025E+00 6.6759457478E-01 -7.6726346175E-13 1.5539681170E-11 6.6759457478E-01 1.4998656025E+00 -7.8091886953E-12 -1.3193997422E-11 2.9562896339E-12 8.2749560326E-12 1.3430932635E+00 -3.8464260298E-03 2.3920189598E-11 2.2481877889E-11 3.8464260298E-03 1.3430932635E+00
123.00 1.5252800573E+00 7.2544216572E-01 -3.9201383783E-13 1.4859687448E-11 7.2544216572E-01 1.5252800573E+00 -8.3905663783E-12 -1.2629330944E-11 3.3565489429E-12 8.6306560499E-12 1.3410803259E+00 -4.1430387352E-02 2.3836079480E-11 2.2668800151E-11 4.1430387352E-02 1.3410803259E+00
124.00 1.5484102481E+00 7.8306801124E-01 -6.3225838899E-14 1.4148978299E-11 7.8306801124E-01 1.5484102481E+00 -8.9127343665E-12 -1.2027628044E-11 3.7205788711E-12 8.9275135931E-12 1.3333504896E+00 -8.0964549825E-02 2.3720776354E-11 2.2819301586E-11 8.0964549825E-02 1.3333504896E+00
125.00 1.5691493814E+00 8.4021658453E-01 2.2005783214E-13 1.3410828224E-11 8.4021658453E-01 1.5691493814E+00 -9.3765826609E-12 -1.1392271428E-11 4.0487538943E-12 9.1661081799E-12 1.3195957794E+00 -1.2220004602E-01 2.3575648391E-11 2.2934504084E-11 1.2220004602E-01 1.3195957794E+00
126.00 1.5874434308E+00 8.9661869272E-01 4.5829920252E-13 1.2648776416E-11 8.9661869272E-01 1.5874434308E+00 -9.7840364074E-12 -1.0726658533E-11 4.3412099648E-12 9.3476484966E-12 1.2995647303E+00 -1.6487291306E-01 2.3402210604E-11 2.3015603868E-11 1.6487291306E-01 1.2995647303E+00
127.00 1.6032901011E+00 9.5199330175E-01 6.5315253684E-13 1.1866572390E-11 9.5199330175E-01 1.6032901011E+00 -1.0136288188E-11 -1.0033894245E-11 4.5987523555E-12 9.4730144343E-12 1.2730632335E+00 -2.0870530754E-01 2.3201944261E-11 2.3063433432E-11 2.0870530754E-01 1.2730632335E+00
128.00 1.6167371284E+00 1.0060496752E+00 8.0709219132E-13 1.1068118128E-11 1.0060496752E+00 1.6167371284E+00 -1.0434131027E-11 -9.3172328476E-12 4.8225073190E-12 9.5429746941E-12 1.2399548068E+00 -2.5340692665E-01 2.2976557856E-11 2.3078945021E-11 2.5340692665E-01 1.2399548068E+00
129.00 1.6278799566E+00 1.0584897950E+00 9.2030577591E-13 1.0256388828E-11 1.0584897950E+00 1.6278799566E+00 -1.0681131574E-11 -8.5807611896E-12 5.0126692770E-12 9.5597077302E-12 1.2001603121E+00 -2.9867663458E-01 2.2726951448E-11 2.3063580019E-11 2.9867663458E-01 1.2001603121E+00
130.00 1.6368588392E+00 1.1090110283E+00 9.9584678608E-13 9.4359511460E-12 1.1090110283E+00 1.6368588392E+00 -1.0878365881E-11 -7.8269916938E-12 5.1706857552E-12 9.5244425156E-12 1.1536571438E+00 -3.4420428991E-01 2.2454949032E-11 2.3017764452E-11 3.4420428991E-01 1.1536571438E+00
131.00 1.6438554175E+00 1.1573089988E+00 1.0352223524E-12 8.6090756206E-12 1.1573089988E+00 1.6438554175E+00 -1.1028789460E-11 -7.0608302288E-12 5.2975556014E-12 9.4390508068E-12 1.1004779192E+00 -3.8967276540E-01 2.2161236201E-11 2.2943200676E-11 3.8967276540E-01 1.1004779192E+00
132.00 1.6490888310E+00 1.2030806220E+00 1.0405547355E-12 7.7809177505E-12 1.2030806220E+00 1.6490888310E+00 -1.1135053310E-11 -6.2842187739E-12 5.3942488904E-12 9.3057056836E-12 1.0407087024E+00 -4.3476014807E-01 2.1847660909E-11 2.2840259031E-11 4.3476014807E-01 1.0407087024E+00
133.00 1.6528114229E+00 1.2460272573E+00 1.0145097423E-12 6.9546096696E-12 1.2460272573E+00 1.6528114229E+00 -1.1199564819E-11 -5.5010604387E-12 5.4622544787E-12 9.1263625964E-12 9.7448679747E-01 -4.7914210364E-01 2.1515248550E-11 2.2710080192E-11 4.7914210364E-01 9.7448679747E-01
134.00 1.6553041000E+00 1.2858579316E+00 9.5979735031E-13 6.1329807369E-12 1.2858579316E+00 1.6553041000E+00 -1.1224899595E-11 -4.7154666727E-12 5.5031426634E-12 8.9030731168E-12 9.0199814858E-01 -5.2249438568E-01 2.1164932053E-11 2.2553792369E-11 5.2249438568E-01 9.0199814858E-01
135.00 1.6568714151E+00 1.3222925878E+00 8.7855159944E-13 5.3200665511E-12 1.3222925878E+00 1.6568714151E+00 -1.1214346935E-11 -3.9301897602E-12 5.5181062465E-12 8.6383916248E-12 8.2347438722E-01 -5.6449546674E-01 2.0797821050E-11 2.2372082041E-11 5.6449546674E-01 8.2347438722E-01
136.00 1.6578364374E+00 1.3550653104E+00 7.7355127847E-13 4.5186185971E-12 1.3550653104E+00 1.6578364374E+00 -1.1170811316E-11 -3.1492406069E-12 5.5088461738E-12 8.3346223690E-12 7.3918956784E-01 -6.0482926565E-01 2.0414883137E-11 2.2166130828E-11 6.0482926565E-01 7.3918956784E-01
137.00 1.6585354771E+00 1.3839274832E+00 6.4764592190E-13 3.7324398074E-12 1.3839274832E+00 1.6585354771E+00 -1.1097169732E-11 -2.3753289870E-12 5.4768626784E-12 7.9943591901E-12 6.4945663524E-01 -6.4318794228E-01 2.0017223990E-11 2.1936597592E-11 6.4318794228E-01 6.4945663524E-01
138.00 1.6593127327E+00 1.4086508348E+00 5.0330847595E-13 2.9644819195E-12 1.4086508348E+00 1.6593127327E+00 -1.0996772731E-11 -1.6118282532E-12 5.4237787656E-12 7.6202673932E-12 5.5462366782E-01 -6.7927472908E-01 1.9605621418E-11 2.1684437288E-11 6.7927472908E-01 5.5462366782E-01
139.00 1.6605149266E+00 1.4290303298E+00 3.4289049146E-13 2.2178880491E-12 1.4290303298E+00 1.6605149266E+00 -1.0873084216E-11 -8.6172564290E-13 5.3511451677E-12 7.2150623143E-12 4.5506994116E-01 -7.1280676662E-01 1.9180789557E-11 2.1410517243E-11 7.1280676662E-01 4.5506994116E-01
140.00 1.6624859942E+00 1.4448868659E+00 1.6974960337E-13 1.4951916449E-12 1.4448868659E+00 1.6624859942E+00 -1.0728632633E-11 -1.2840140845E-13 5.2608622244E-12 6.7812888236E-12 3.5120185734E-01 -7.4351790909E-01 1.8743653602E-11 2.1115657122E-11 7.4351790909E-01 3.5120185734E-01
141.00 1.6655618895E+00 1.4560697416E+00 -1.3276032222E-14 7.9896197160E-13 1.4560697416E+00 1.6655618895E+00 -1.0566344292E-11 5.8506538792E-13 5.1546279802E-12 6.3216152178E-12 2.4344878451E-01 -7.7116146480E-01 1.8294916015E-11 2.0800546612E-11 7.7116146480E-01 2.4344878451E-01
142.00 1.6700655669E+00 1.4624588613E+00 -2.0379177918E-13 1.3235889550E-13 1.4624588613E+00 1.6700655669E+00 -1.0389587538E-11 1.2764701474E-12 5.0340016142E-12 5.8390423500E-12 1.3225885159E-01 -7.9551283634E-01 1.7835296687E-11 2.0466030878E-11 7.9551283634E-01 1.3225885159E-01
143.00 1.6763021975E+00 1.4639666506E+00 -3.9934802430E-13 -5.0218489076E-13 1.4639666506E+00 1.6763021975E+00 -1.0201484749E-11 1.9431488343E-12 4.9006321601E-12 5.3363216019E-12 1.8094741515E-02 -8.1637202530E-01 1.7365281240E-11 2.0112864287E-11 8.1637202530E-01 1.8094741515E-02
144.00 1.6845546728E+00 1.4605396557E+00 -5.9711747250E-13 -1.1030657160E-12 1.4605396557E+00 1.6845546728E+00 -1.0004708053E-11 2.5818973339E-12 4.7563362808E-12 4.8160091285E-12 -9.8570474519E-02 -8.3356596699E-01 1.6885562401E-11 1.9741785185E-11 8.3356596699E-01 -9.8570474519E-02
145.00 1.6950794449E+00 1.4521598100E+00 -7.9517377514E-13 -1.6677333320E-12 1.4521598100E+00 1.6950794449E+00 -9.8026143556E-12 3.1908096239E-12 4.6026764042E-12 4.2809729814E-12 -2.1725742071E-01 -8.4695066201E-01 1.6396522378E-11 1.9353623045E-11 8.4695066201E-01 -2.1725742071E-01
146.00 1.7081027485E+00 1.4388453501E+00 -9.9052380562E-13 -2.1950160492E-12 1.4388453501E+00 1.7081027485E+00 -9.5973028581E-12 3.7669455300E-12 4.4414640468E-12 3.7337926509E-12 -3.3748437944E-01 -8.5641307307E-01 1.5898919950E-11 1.8948876453E-11 8.5641307307E-01 -3.3748437944E-01
147.00 1.7238172443E+00 1.4206513724E+00 -1.1816245369E-12 -2.6820743225E-12 1.4206513724E+00 1.7238172443E+00 -9.3920819316E-12 4.3093228124E-12 4.2739733195E-12 3.1773079728E-12 -4.5877109639E-01 -8.6187275790E-01 1.5392927363E-11 1.8528504572E-11 8.6187275790E-01 -4.5877109639E-01
148.00 1.7423791182E+00 1.3976700251E+00 -1.3652930602E-12 -3.1274466501E-12 1.3976700251E+00 1.7423791182E+00 -9.1883713884E-12 4.8159863822E-12 4.1015884762E-12 2.6142815032E-12 -5.8064239383E-01 -8.6328321146E-01 1.4879252986E-11 1.8092973100E-11 8.6328321146E-01 -5.8064239383E-01
149.00 1.7639056663E+00 1.3700303320E+00 -1.5405696458E-12 -3.5310713539E-12 1.3700303320E+00 1.7639056663E+00 -8.9895052936E-12 5.2838652404E-12 3.9261891017E-12 2.0466832918E-12 -7.0263156100E-01 -8.6063289411E-01 1.4358200641E-11 1.7642919021E-11 8.6063289411E-01 -7.0263156100E-01
150.00 1.7884733865E+00 1.3378976541E+00 -1.7051414431E-12 -3.8905512841E-12 1.3378976541E+00 1.7884733865E+00 -8.7971875909E-12 5.7127010638E-12 3.7487454608E-12 1.4774606416E-12 -8.2428349333E-01 -8.5394592568E-01 1.3830109376E-11 1.7179164539E-11 8.5394592568E-01 -8.2428349333E-01
151.00 1.8161165974E+00 1.3014727941E+00 -1.8584119222E-12 -4.2057337232E-12 1.3014727941E+00 1.8161165974E+00 -8.6145231451E-12 6.1003434470E-12 3.5710456314E-12 9.0844912402E-13 -9.4515755631E-01 -8.4328242916E-01 1.3295279429E-11 1.6702510301E-11 8.4328242916E-01 -9.4515755631E-01
152.00 1.8468265926E+00 1.2609907564E+00 -1.9970616713E-12 -4.4750448320E-12 1.2609907564E+00 1.8468265926E+00 -8.4414893376E-12 6.4463289729E-12 3.3934951203E-12 3.4260643718E-13 -1.0648301527E+00 -8.2873851199E-01 1.2754215229E-11 1.6213206159E-11 8.2873851199E-01 -1.0648301527E+00
153.00 1.8805513372E+00 1.2167191766E+00 -2.1210975490E-12 -4.6990427293E-12 1.2167191766E+00 1.8805513372E+00 -8.2811006992E-12 6.7486429723E-12 3.2179155398E-12 -2.1854205806E-13 -1.1828969765E+00 -8.1044587721E-01 1.2207358978E-11 1.5712020442E-11 8.1044587721E-01 -1.1828969765E+00
154.00 1.9171957056E+00 1.1689564402E+00 -2.2289480910E-12 -4.8757672298E-12 1.1689564402E+00 1.9171957056E+00 -8.1344175202E-12 7.0079648789E-12 3.0446583255E-12 -7.7251020989E-13 -1.2989749405E+00 -7.8857106100E-01 1.1654479046E-11 1.5199969033E-11 7.8857106100E-01 -1.2989749405E+00
155.00 1.9566222524E+00 1.1180295090E+00 -2.3196348431E-12 -5.0066129786E-12 1.1180295090E+00 1.9566222524E+00 -8.0026688399E-12 7.2221843442E-12 2.8750332137E-12 -1.3176952685E-12 -1.4127037687E+00 -7.6331429810E-01 1.1096531323E-11 1.4677134547E-11 7.6331429810E-01 -1.4127037687E+00
156.00 1.9986525050E+00 1.0642914820E+00 -2.3929044937E-12 -5.0910981965E-12 1.0642914820E+00 1.9986525050E+00 -7.8874880770E-12 7.3913568607E-12 2.7098666158E-12 -1.8524895399E-12 -1.5237472488E+00 -7.3490802072E-01 1.0533499971E-11 1.4144455905E-11 7.3490802072E-01 -1.5237472488E+00
157.00 2.0430687577E+00 1.0081189152E+00 -2.4479481718E-12 -5.1290948234E-12 1.0081189152E+00 2.0430687577E+00 -7.7894948976E-12 7.5156123610E-12 2.5496536888E-12 -2.3750548929E-12 -1.6317941448E+00 -7.0361500175E-01 9.9655644901E-12 1.3602680609E-11 7.0361500175E-01 -1.6317941448E+00
158.00 2.0896163448E+00 9.4990892703E-01 -2.4840523061E-12 -5.1217452402E-12 9.4990892703E-01 2.0896163448E+00 -7.7090388994E-12 7.5941729260E-12 2.3949026521E-12 -2.8838994748E-12 -1.7365587735E+00 -6.6972615682E-01 9.3934777928E-12 1.3051975352E-11 6.6972615682E-01 -1.7365587735E+00
159.00 2.1380063622E+00 8.9007612193E-01 -2.5015115455E-12 -5.0688782985E-12 8.9007612193E-01 2.1380063622E+00 -7.6471135496E-12 7.6279419631E-12 2.2460863748E-12 -3.3778151220E-12 -1.8377812523E+00 -6.3355802487E-01 8.8169998389E-12 1.2493498797E-11 6.3355802487E-01 -1.8377812523E+00
160.00 2.1879188037E+00 8.2904935862E-01 -2.5001361664E-12 -4.9716995899E-12 8.2904935862E-01 2.1879188037E+00 -7.6037431429E-12 7.6168966120E-12 2.1035099295E-12 -3.8555260944E-12 -1.9352274309E+00 -5.9544995036E-01 8.2367183993E-12 1.1927646401E-11 5.9544995036E-01 -1.9352274309E+00
161.00 2.2390060738E+00 7.6726839683E-01 -2.4798405981E-12 -4.8311627165E-12 7.6726839683E-01 2.2390060738E+00 -7.5788414837E-12 7.5615152616E-12 1.9670804607E-12 -4.3159484618E-12 -2.0286885228E+00 -5.5576099460E-01 7.6529677130E-12 1.1354977672E-11 5.5576099460E-01 -2.0286885228E+00
162.00 2.2908968334E+00 7.0518045248E-01 -2.4415743084E-12 -4.6483961347E-12 7.0518045248E-01 2.2908968334E+00 -7.5727308479E-12 7.4625382742E-12 1.8372512939E-12 -4.7584379664E-12 -2.1179804550E+00 -5.1486660680E-01 7.0659258103E-12 1.0776220407E-11 5.1486660680E-01 -2.1179804550E+00
163.00 2.3432001332E+00 6.4323669325E-01 -2.3854441862E-12 -4.4246799785E-12 6.4323669325E-01 2.3432001332E+00 -7.5847556599E-12 7.3208830446E-12 1.7135786715E-12 -5.1820730808E-12 -2.2029429595E+00 -4.7315508900E-01 6.4759656106E-12 1.0191972877E-11 4.7315508900E-01 -2.2029429595E+00
164.00 2.3955097855E+00 5.8188870543E-01 -2.3125374167E-12 -4.1614462611E-12 5.8188870543E-01 2.3955097855E+00 -7.6147746934E-12 7.1376541201E-12 1.5961001938E-12 -5.5865424280E-12 -2.2834384318E+00 -4.3102389154E-01 5.8832977724E-12 9.6029530816E-12 4.3102389154E-01 -2.2834384318E+00
165.00 2.4474089211E+00 5.2158496275E-01 -2.2237290804E-12 -3.8605379502E-12 5.2158496275E-01 2.4474089211E+00 -7.6619958931E-12 6.9139390879E-12 1.4845308829E-12 -5.9713609519E-12 -2.3593505850E+00 -3.8887577812E-01 5.2884143876E-12 9.0096624548E-12 3.8887577812E-01 -2.3593505850E+00
166.00 2.4984746804E+00 4.6276732693E-01 -2.1199562322E-12 -3.5233581473E-12 4.6276732693E-01 2.4984746804E+00 -7.7255361393E-12 6.6515124055E-12 1.3782570403E-12 -6.3362278525E-12 -2.4305829291E+00 -3.4711490139E-01 4.6913479248E-12 8.4130145180E-12 3.4711490139E-01 -2.4305829291E+00
167.00 2.5482829814E+00 4.0586760867E-01 -2.0025775346E-12 -3.1524049781E-12 4.0586760867E-01 2.5482829814E+00 -7.8044713808E-12 6.3512717588E-12 1.2769223939E-12 -6.6811861586E-12 -2.4970571088E+00 -3.0614283143E-01 4.0928478424E-12 7.8130748323E-12 3.0614283143E-01 -2.4970571088E+00
168.00 2.5964133099E+00 3.5130421680E-01 -1.8726392263E-12 -2.7495120742E-12 3.5130421680E-01 2.5964133099E+00 -7.8973491250E-12 6.0153378641E-12 1.1795717327E-12 -7.0059854266E-12 -2.5587111327E+00 -2.6635458010E-01 3.4931254469E-12 7.2107767658E-12 2.6635458010E-01 -2.5587111327E+00
169.00 2.6424534763E+00 2.9947892153E-01 -1.7322775850E-12 -2.3168165985E-12 2.9947892153E-01 2.6424534763E+00 -8.0034876654E-12 5.6454599408E-12 1.0860036852E-12 -7.3113650107E-12 -2.6154975290E+00 -2.2813466484E-01 2.8923832496E-12 6.6066507792E-12 2.2813466484E-01 -2.6154975290E+00
170.00 2.6860042834E+00 2.5077375671E-01 -1.5826743818E-12 -1.8566917153E-12 2.5077375671E-01 2.6860042834E+00 -8.1210080557E-12 5.2438255396E-12 9.9501578591E-13 -7.5972542627E-12 -2.6673814616E+00 -1.9185325515E-01 2.2910853962E-12 6.0014308445E-12 1.9185325515E-01 -2.6673814616E+00
171.00 2.7266840516E+00 2.0554808399E-01 -1.4254560555E-12 -1.3715515024E-12 2.0554808399E-01 2.7266840516E+00 -8.2482821374E-12 4.8123336068E-12 9.0558527697E-13 -7.8640590981E-12 -2.7143388423E+00 -1.5786244428E-01 1.6895442762E-12 5.3954474816E-12 1.5786244428E-01 -2.7143388423E+00
172.00 2.7641329481E+00 1.6413584041E-01 -1.2627132782E-12 -8.6402724624E-13 1.6413584041E-01 2.7641329481E+00 -8.3838229551E-12 4.3534120828E-12 8.1697485939E-13 -8.1124962781E-12 -2.7563544730E+00 -1.2649268749E-01 1.0882111913E-12 4.7894417060E-12 1.2649268749E-01 -2.7563544730E+00
173.00 2.7980170719E+00 1.2684298880E-01 -1.0964643801E-12 -3.3656330485E-13 1.2684298880E-01 2.7980170719E+00 -8.5260415014E-12 3.8694695174E-12 7.2822307345E-13 -8.3434257380E-12 -2.7934202506E+00 -9.8049446364E-02 4.8726040484E-13 4.1839750879E-12 9.8049446364E-02 -2.7934202506E+00
174.00 2.8280322451E+00 9.3945188953E-02 -9.2831097949E-13 2.0795042303E-13 9.3945188953E-02 2.8280322451E+00 -8.6726629483E-12 3.3628487172E-12 6.3787185447E-13 -8.5572309812E-12 -2.8255334670E+00 -7.2810076826E-02 -1.1276119926E-13 3.5794165700E-12 7.2810076826E-02 -2.8255334670E+00
175.00 2.8539074695E+00 6.5685705341E-02 -7.6058851438E-13 7.6681251119E-13 6.5685705341E-02 2.8539074695E+00 -8.8221285441E-12 2.8362476473E-12 5.4504806042E-13 -8.7551310835E-12 -2.8526952327E+00 -5.1020995334E-02 -7.1157966594E-13 2.9763835723E-12 5.1020995334E-02 -2.8526952327E+00
176.00 2.8754080061E+00 4.2273565509E-02 -5.9518904304E-13 1.3371523375E-12 4.2273565509E-02 2.8754080061E+00 -8.9720601828E-12 2.2923868449E-12 4.4838877829E-13 -8.9376859092E-12 -2.8749090518E+00 -3.2895155183E-02 -1.3088069647E-12 2.3753891799E-12 3.2895155183E-02 -2.8749090518E+00
177.00 2.8923380442E+00 2.3881981252E-02 -4.3433164087E-13 1.9161103802E-12 2.3881981252E-02 2.8923380442E+00 -9.1208467510E-12 1.7339724669E-12 3.4678844887E-13 -9.1063268826E-12 -2.8921795736E+00 -1.8609861108E-02 -1.9041286325E-12 1.7768403964E-12 1.8609861108E-02 -2.8921795736E+00
178.00 2.9045429276E+00 1.0647042879E-02 -2.8011500607E-13 2.5006581780E-12 1.0647042879E-02 2.9045429276E+00 -9.2661918668E-12 1.1638106448E-12 2.3901100249E-13 -9.2618879234E-12 -2.9045115401E+00 -8.3049467270E-03 -2.4971024411E-12 1.1811393416E-12 8.3049467270E-03 -2.9045115401E+00
179.00 2.9119109134E+00 2.6666949469E-03 -1.3468468932E-13 3.0879042938E-12 2.6666949469E-03 2.9119109134E+00 -9.4061548106E-12 5.8486233401E-13 1.2386391179E-13 -9.4056169906E-12 -2.9119089485E+00 -2.0813353045E-03 -3.0874593006E-12 5.8875768010E-13 2.0813353045E-03 -2.9119089485E+00
180.00 2.9143744438E+00 -1.9984014443E-15 4.2037215445E-17 3.6748372868E-12 -1.9984014443E-15 2.9143744438E+00 -9.5385484234E-12 3.8405516500E-18 -4.2037215439E-17 -9.5385484234E-12 -2.9143744438E+00 -7.7715611724E-16 -3.6748372868E-12 3.8405516557E-18 7.7715611724E-16 -2.9143744438E+00
