theta s11 s12 s13 s14 s21 s22 s23 s24 s31 s32 s33 s34 s41 s42 s43 s44
0.00 2.3400694993E-01 0.0000000000E+00 0.0000000000E+00 -1.1324440936E-06 0.0000000000E+00 2.3400694104E-01 6.4509163156E-05 0.0000000000E+00 0.0000000000E+00 -6.4509163156E-05 2.3400694104E-01 0.0000000000E+00 -1.1324440936E-06 0.0000000000E+00 0.0000000000E+00 2.3400694993E-01
1.00 2.3369312013E-01 -9.8993495270E-05 -9.8844073537E-06 -2.6326140804E-05 -9.8993038575E-05 2.3369311079E-01 5.4523334794E-05 -2.4490225398E-05 -9.8642850137E-06 -5.4516386311E-05 2.3369308983E-01 2.6384979947E-05 -2.6335403908E-05 2.4507533947E-05 -2.6378151869E-05 2.3369309618E-01
2.00 2.3277909191E-01 -3.5570683661E-04 -1.9624107395E-05 -5.1307116994E-05 -3.5569981285E-04 2.3277907603E-01 4.4592065623E-05 -4.8812246463E-05 -1.9566542149E-05 -4.4552088992E-05 2.3277880530E-01 4.7812499568E-05 -5.1377748349E-05 4.8899855210E-05 -4.7798822698E-05 2.3277880928E-01
3.00 2.3127157808E-01 -7.6692796420E-04 -2.9124074403E-05 -7.5883052064E-05 -7.6690837526E-04 2.3127154966E-01 3.4812441577E-05 -7.2775786804E-05 -2.9029844100E-05 -3.4695856825E-05 2.3127028255E-01 6.3969001959E-05 -7.6116776533E-05 7.3037421713E-05 -6.3948490719E-05 2.3127028433E-01
4.00 2.2918161144E-01 -1.3274504366E-03 -3.8293571781E-05 -9.9866237283E-05 -1.3274124723E-03 2.2918156468E-01 2.5277525280E-05 -9.6194730679E-05 -3.8180430317E-05 -2.5024702587E-05 2.2917773178E-01 7.4476374421E-05 -1.0041268661E-04 9.6782920278E-05 -7.4449077783E-05 2.2917773154E-01
5.00 2.2652442251E-01 -2.0301509195E-03 -4.7047585212E-05 -1.2307584648E-04 -2.0300890297E-03 2.2652435186E-01 1.6074899975E-05 -1.1888939269E-04 -4.6948634350E-05 -1.5612098222E-05 2.2651527731E-01 7.8897593630E-05 -1.2412998169E-04 1.2000266602E-04 -7.8863594194E-05 2.2651527521E-01
6.00 2.2331927147E-01 -2.8660950360E-03 -5.5308139330E-05 -1.4534009872E-04 -2.8660039975E-03 2.2331917172E-01 7.2853303908E-06 -1.4068868393E-04 -5.5269746276E-05 -6.5270705243E-06 2.2330081829E-01 7.6743490905E-05 -1.4713881707E-04 1.4256795202E-04 -7.6702903660E-05 2.2330081452E-01
7.00 2.1958923674E-01 -3.8246697779E-03 -6.3005473553E-05 -1.6649827783E-04 -3.8245447553E-03 2.1958910306E-01 -1.0184349024E-06 -1.6143213928E-04 -6.3084797366E-05 2.1666261917E-06 2.1955585285E-01 6.7480538015E-05 -1.6931627011E-04 1.6435633026E-04 -6.7433508800E-05 2.1955584758E-01
8.00 2.1536096296E-01 -4.8937402334E-03 -7.0079055826E-05 -1.8640257633E-04 -4.8935768328E-03 2.1536079096E-01 -8.7726982728E-06 -1.8097177323E-04 -7.0341255505E-05 1.0411248531E-05 2.1530526771E-01 5.0539539689E-05 -1.9054751560E-04 1.8525280631E-04 -5.0486243397E-05 2.1530526110E-01
9.00 2.1066437209E-01 -6.0598279844E-03 -7.6478416584E-05 -2.0491973507E-04 -6.0596222990E-03 2.1066415786E-01 -1.5923667117E-05 -1.9917373519E-04 -7.6993621400E-05 1.8155703255E-05 2.1057709578E-01 2.5325106439E-05 -2.1072689091E-04 2.0515093144E-04 -2.5265744979E-05 2.1057708800E-01
10.00 2.0553234149E-01 -7.3083081738E-03 -8.2163789120E-05 -2.2193245386E-04 -7.3080568205E-03 2.0553208167E-01 -2.2428113385E-05 -2.1591973939E-04 -8.3003917338E-05 2.5356078769E-05 2.0540224486E-01 -8.7742293405E-06 -2.2975883719E-04 2.2395377790E-04 8.8394292935E-06 2.0540223606E-01
11.00 2.0000035355E-01 -8.6236219460E-03 -8.7106546724E-05 -2.3734055282E-04 -8.6233220932E-03 2.0000004530E-01 -2.8253828854E-05 -2.3110824868E-04 -8.8342062081E-05 3.1976062205E-05 1.9981420041E-01 -5.2375399805E-05 -2.4755870496E-04 2.4157478498E-04 5.2446189218E-05 1.9981419074E-01
12.00 1.9410612150E-01 -9.9895007298E-03 -9.1289431235E-05 -2.5106186915E-04 -9.9891501154E-03 1.9410576257E-01 -3.3379870774E-05 -2.4465539689E-04 -9.2986127429E-05 3.7987237447E-05 1.9384870611E-01 -1.0608984297E-04 -2.6405341473E-04 2.5793846576E-04 1.0616595301E-04 1.9384869572E-01
13.00 1.8788919660E-01 -1.1389198660E-02 -9.4706572059E-05 -2.6303287935E-04 -1.1388795599E-02 1.8788878530E-01 -3.7796596970E-05 -2.5649563893E-04 -9.6922473973E-05 4.3369261465E-05 1.8754342600E-01 -1.7051235577E-04 -2.7918196572E-04 2.7298096679E-04 1.7059350046E-04 1.8754341502E-01
14.00 1.8139056190E-01 -1.2805729332E-02 -9.7363299023E-05 -2.7320904175E-04 -1.2805272719E-02 1.8139009714E-01 -4.1505493781E-05 -2.6658212375E-04 -1.0014576561E-04 4.8109918438E-05 1.8093759205E-01 -2.4620991782E-04 -2.9289578813E-04 2.8665047540E-04 2.4629579675E-04 1.8093758061E-01
15.00 1.7465221802E-01 -1.4222103059E-02 -9.9275756628E-05 -2.8156485985E-04 -1.4221592352E-02 1.7465169925E-01 -4.4518804489E-05 -2.7488678975E-04 -1.0265886441E-04 5.2205053171E-05 1.7407164145E-01 -3.3371064511E-04 -3.0515893719E-04 2.9890747196E-04 3.3380094622E-04 1.7407162969E-01
16.00 1.6771676620E-01 -1.5621560811E-02 -1.0047033125E-04 -2.8809367199E-04 -1.5620996021E-02 1.6771619345E-01 -4.6858969843E-05 -2.8140018823E-04 -1.0447260930E-04 5.5658387322E-05 1.6698684772E-01 -4.3349303024E-04 -3.1594812950E-04 3.0972482663E-04 4.3358743255E-04 1.6698683572E-01
17.00 1.6062699422E-01 -1.6987801172E-02 -1.0098290649E-04 -2.9280717777E-04 -1.6987182828E-02 1.6062636802E-01 -4.8557895967E-05 -2.8613104451E-04 -1.0560548416E-04 5.8481223877E-05 1.5972494982E-01 -5.4597562194E-04 -3.2525262481E-04 3.1908774314E-04 5.4607379827E-04 1.5972493771E-01
18.00 1.5342547019E-01 -1.8305196748E-02 -1.0085796504E-04 -2.9573471612E-04 -1.8304525873E-02 1.5342479155E-01 -4.9656068188E-05 -2.8910557173E-04 -1.0608318234E-04 6.0692047078E-05 1.5232778372E-01 -6.7150728966E-04 -3.3307395880E-04 3.2699355393E-04 6.7160890932E-04 1.5232777159E-01
19.00 1.4615414926E-01 -1.9558996768E-02 -1.0014755844E-04 -2.9692231447E-04 -1.9558274832E-02 1.4615341967E-01 -5.0201532127E-05 -2.9036655585E-04 -1.0593807660E-04 6.2316026671E-05 1.4483692022E-01 -8.1035821114E-04 -3.3942553441E-04 3.3345137366E-04 8.1046294246E-04 1.4483690817E-01
20.00 1.3885399810E-01 -2.0735512845E-02 -9.8910168042E-05 -2.9643153159E-04 -2.0734741724E-02 1.3885321943E-01 -5.0248765648E-05 -2.8997223456E-04 -1.0520860462E-04 6.3384436741E-05 1.3729331331E-01 -9.6271171012E-04 -3.4433208162E-04 3.3848162004E-04 9.6281922292E-04 1.3729330142E-01
21.00 1.3156464130E-01 -2.1822285242E-02 -9.7209482518E-05 -2.9433812015E-04 -2.1821467172E-02 1.3156381579E-01 -4.9857466970E-05 -2.8799499552E-04 -1.0393858158E-04 6.3934000693E-05 1.2973696263E-01 -1.1286570599E-03 -3.4782899715E-04 3.4211541261E-04 1.1287670278E-03 1.2973695098E-01
22.00 1.2432403379E-01 -2.2808227348E-02 -9.5113118096E-05 -2.9073053741E-04 -2.2807364872E-02 1.2432316398E-01 -4.9091285362E-05 -2.8451992195E-04 -1.0217645246E-04 6.4006174889E-05 1.2220659381E-01 -1.3081833545E-03 -3.4996157733E-04 3.4439386215E-04 1.3082954571E-03 1.2220658248E-01
23.00 1.1716816261E-01 -2.3683746504E-02 -9.2691308428E-05 -2.8570833402E-04 -2.3682842418E-02 1.1716725131E-01 -4.8016521286E-05 -2.7964321550E-04 -9.9974497155E-05 6.3646384249E-05 1.1473935977E-01 -1.5011745357E-03 -3.5078415848E-04 3.4536726422E-04 1.5012884603E-03 1.1473934881E-01
24.00 1.1013078117E-01 -2.4440839734E-02 -9.0015590714E-05 -2.7938045243E-04 -2.4439897037E-02 1.1012983138E-01 -4.6700822816E-05 -2.7347052724E-04 -9.7388002319E-05 6.2903223595E-05 1.0737056604E-01 -1.7074056460E-03 -3.5035918035E-04 3.4509421186E-04 1.7075210898E-03 1.0737055552E-01
25.00 1.0324317817E-01 -2.5073163436E-02 -8.7157514121E-05 -2.7186346640E-04 -2.5072185277E-02 1.0324219303E-01 -4.5211904376E-05 -2.6611522822E-04 -9.4474414012E-05 6.1827638785E-05 1.0013342276E-01 -1.9265403643E-03 -3.4875618867E-04 3.4364064294E-04 1.9266570357E-03 1.0013341272E-01
26.00 9.6533983176E-02 -2.5576076518E-02 -8.4187395253E-05 -2.6327979309E-04 -2.5575066146E-02 9.6532965936E-02 -4.3616312629E-05 -2.5769665071E-04 -9.1292485121E-05 6.0472101622E-05 9.3058825304E-02 -2.1581298607E-03 -3.4605079342E-04 3.4107883830E-04 2.1582474806E-03 9.3058815801E-02
27.00 9.0029010082E-02 -2.5946656964E-02 -8.1173143642E-05 -2.5375590847E-04 -2.5945617677E-02 9.0027964045E-02 -4.1978262547E-05 -2.4833833054E-04 -8.7901431418E-05 5.8889792283E-05 8.6175165687E-02 -2.4016129915E-03 -3.4232359938E-04 3.3748638686E-04 2.4017312946E-03 8.6175156761E-02
28.00 8.3751139018E-02 -2.6183692256E-02 -7.8179178052E-05 -2.4342059484E-04 -2.6182627359E-02 8.3750067490E-02 -4.0358564433E-05 -2.3816627927E-04 -8.4360109521E-05 5.7133802430E-05 7.9508175737E-02 -2.6563178360E-03 -3.3765912549E-04 3.3294513386E-04 2.6564365717E-03 7.9508167424E-02
29.00 7.7720236881E-02 -2.6287644526E-02 -7.5265451710E-05 -2.3240324790E-04 -2.6286557288E-02 7.7719143130E-02 -3.8813660044E-05 -2.2730731331E-04 -8.0726229296E-05 5.5256371461E-05 7.3080803213E-02 -2.9214645607E-03 -3.3214472871E-04 3.2754012785E-04 2.9215834936E-03 7.3080795545E-02
30.00 7.1953115926E-02 -2.6260591720E-02 -7.2486601680E-05 -2.2083226770E-04 -2.6259485337E-02 7.1952003149E-02 -3.7394782997E-05 -2.1588746415E-04 -7.7055612310E-05 5.3308167328E-05 6.6913121199E-02 -3.1961695775E-03 -3.2586954772E-04 3.2135858150E-04 3.1962884881E-03 6.6913114202E-02
31.00 6.6463529421E-02 -2.6106146455E-02 -6.9891234382E-05 -2.0883355553E-04 -2.6105024019E-02 6.6462400709E-02 -3.6147255415E-05 -2.0403049171E-04 -7.3401506769E-05 5.1337622217E-05 6.1022270832E-02 -3.4794509479E-03 -3.1892348049E-04 3.1448886024E-04 3.4795696328E-03 6.1022264529E-02
32.00 6.1262202810E-02 -2.5829354553E-02 -6.7521355926E-05 -1.9652913520E-04 -2.5828219023E-02 6.1261061123E-02 -3.5109929428E-05 -1.9185651908E-04 -6.9813968085E-05 4.9390332063E-05 5.5422436942E-02 -3.7702349671E-03 -3.1139620868E-04 3.0701951173E-04 3.7703532392E-03 5.5422431350E-02
33.00 5.6356898389E-02 -2.5436575569E-02 -6.5411952490E-05 -1.8403591412E-04 -2.5435429750E-02 5.6355746531E-02 -3.4314778682E-05 -1.7948080401E-04 -6.6339312753E-05 4.7508527395E-05 5.0124855776E-02 -4.0673638482E-03 -3.0337628024E-04 2.9903834785E-04 4.0674815364E-03 5.0124850908E-02
34.00 5.1752511077E-02 -2.4935347847E-02 -6.3590722593E-05 -1.7146459591E-04 -2.4934194372E-02 5.1751351682E-02 -3.3786641599E-05 -1.6701265882E-04 -6.3019651702E-05 4.5730621472E-05 4.5137853561E-02 -4.3696044141E-03 -2.9495026046E-04 2.9063158915E-04 4.3697213631E-03 4.5137849426E-02
35.00 4.7451192523E-02 -2.4334240823E-02 -6.2077959746E-05 -1.5891875278E-04 -2.4333082144E-02 4.7450028040E-02 -3.3543114778E-05 -1.5455452707E-04 -5.9892507626E-05 4.4090840055E-05 4.0466914324E-02 -4.6756576889E-03 -2.8620195947E-04 2.8188308075E-04 4.6757737590E-03 4.0466910925E-02
36.00 4.3452500468E-02 -2.3642697456E-02 -6.0886580871E-05 -1.4649406255E-04 -2.3641535830E-02 4.3451333154E-02 -3.3594591777E-05 -1.4220122168E-04 -5.6990519199E-05 4.2618935508E-05 3.6114775015E-02 -4.9841692751E-03 -2.7721174304E-04 2.7287358619E-04 4.9842843414E-03 3.6114772354E-02
37.00 3.9753570060E-02 -2.2870869683E-02 -6.0022292892E-05 -1.3427771153E-04 -2.2869707176E-02 3.9752401979E-02 -3.3944439576E-05 -1.3003932602E-04 -5.4341233379E-05 4.1339986294E-05 3.2081545722E-02 -5.2937403883E-03 -2.6805593139E-04 2.6368016490E-04 5.2938543401E-03 3.2081543794E-02
38.00 3.6349303660E-02 -2.2029449886E-02 -5.9483887353E-05 -1.2234796166E-04 -2.2028288366E-02 3.6348136682E-02 -3.4589302404E-05 -1.1814675635E-04 -5.1966985432E-05 4.0274281316E-05 2.8364852466E-02 -5.6029394174E-03 -2.5880628922E-04 2.5437563657E-04 5.6030521574E-03 2.8364851264E-02
39.00 3.3232575541E-02 -2.1129501238E-02 -5.9263650591E-05 -1.1077387706E-04 -2.1128342388E-02 3.3231411345E-02 -3.5519520350E-05 -1.0659248076E-04 -4.9884864738E-05 3.9437287057E-05 2.4959999892E-02 -5.9103138725E-03 -2.4952960831E-04 2.4502813451E-04 5.9104253159E-03 2.4959999405E-02
40.00 3.0394447868E-02 -2.0182289781E-02 -5.9347875166E-05 -9.9615202696E-05 -2.0181135098E-02 3.0393287951E-02 -3.6719648269E-05 -9.5436387810E-05 -4.8106762979E-05 3.8839694013E-05 2.1860150992E-02 -6.2144025765E-03 -2.4028738243E-04 2.3570074832E-04 6.2145126504E-03 2.1860151206E-02
41.00 2.7824394357E-02 -1.9199120869E-02 -5.9717456750E-05 -8.8922385503E-05 -1.9197971679E-02 2.7823240043E-02 -3.8169059085E-05 -8.4729295004E-05 -4.6639499983E-05 3.8487537629E-05 1.9056520861E-02 -6.5137479587E-03 -2.3113557296E-04 2.2645125461E-04 6.5138566007E-03 1.9056521758E-02
42.00 2.5510528095E-02 -1.8191182495E-02 -6.0348559674E-05 -7.8736726421E-05 -1.8190039962E-02 2.5509380547E-02 -3.9842614534E-05 -7.4513086078E-05 -4.5485021331E-05 3.8382387821E-05 1.6538581459E-02 -6.8069083055E-03 -2.2212446194E-04 2.1733193334E-04 6.8070154631E-03 1.6538583019E-02
43.00 2.3439830121E-02 -1.7169397734E-02 -6.1213333757E-05 -6.9090650266E-05 -1.7168262872E-02 2.3438690353E-02 -4.1711385842E-05 -6.4820964073E-05 -4.4640660770E-05 3.8521600136E-05 1.4294274295E-02 -7.0924698272E-03 -2.1329858820E-04 2.0838946603E-04 7.0925754566E-03 1.4294276495E-02
44.00 2.1598375590E-02 -1.6144288310E-02 -6.2280664864E-05 -6.0008079217E-05 -1.6143162000E-02 2.1597244480E-02 -4.3743406690E-05 -5.5677806299E-05 -4.4099459667E-05 3.8898620852E-05 1.2310227990E-02 -7.3690584044E-03 -2.0469676111E-04 1.9966491080E-04 7.3691624696E-03 1.2310230804E-02
45.00 1.9971554524E-02 -1.5125850999E-02 -6.3516941944E-05 -5.1504894964E-05 -1.5124734000E-02 1.9970432829E-02 -4.5904441094E-05 -4.7100606511E-05 -4.3850535079E-05 3.9503337684E-05 1.0571977760E-02 -7.6353508817E-03 -1.9635214559E-04 1.9119374871E-04 7.6354533536E-03 1.0571981162E-02
46.00 1.8544284462E-02 -1.4123448267E-02 -6.4886823914E-05 -4.3589474216E-05 -1.4122341232E-02 1.8543172834E-02 -4.8158749524E-05 -3.9098989247E-05 -4.3879487541E-05 4.0322467365E-05 9.0641839522E-03 -7.8900857847E-03 -1.8829241126E-04 1.8300599478E-04 7.8901866401E-03 9.0641879131E-03
47.00 1.7301212595E-02 -1.3145714222E-02 -6.6353990793E-05 -3.6263282238E-05 -1.3144617709E-02 1.7300111594E-02 -5.0469837573E-05 -3.1675781333E-05 -4.4168839430E-05 4.1339971143E-05 7.7708469270E-03 -8.1320733470E-03 -1.8053993808E-04 1.7512636666E-04 8.1321725680E-03 7.7708514166E-03
48.00 1.6226905301E-02 -1.2200476647E-02 -6.7881864771E-05 -2.9521509414E-05 -1.2199391138E-02 1.6225815404E-02 -5.2801172859E-05 -2.4827625822E-05 -4.4698494708E-05 4.2537489228E-05 6.6755157840E-03 -8.3602047404E-03 -1.7311207064E-04 1.6757450348E-04 8.3603023132E-03 6.6755207717E-03
49.00 1.5306023323E-02 -1.1294695545E-02 -6.9434288491E-05 -2.3353736457E-05 -1.1293621452E-02 1.5304944943E-02 -5.5116857412E-05 -1.8545624303E-05 -4.5446210921E-05 4.3894785363E-05 5.7614886162E-03 -8.5734604172E-03 -1.6602141286E-04 1.6036522741E-04 8.5735563317E-03 5.7614940706E-03
50.00 1.4523481203E-02 -1.0434418305E-02 -7.0976149575E-05 -1.7744614703E-05 -1.0433355985E-02 1.4522414694E-02 -5.7382244601E-05 -1.2815994332E-05 -4.6388074689E-05 4.5390193054E-05 5.0120022431E-03 -8.7709174840E-03 -1.5927615508E-04 1.5350884004E-04 8.7710117329E-03 5.0120081328E-03
51.00 1.3864589901E-02 -9.6247513111E-03 -7.2473942337E-05 -1.2674549034E-05 -9.6237010729E-03 1.3863535572E-02 -5.9564491587E-05 -7.6207297940E-06 -4.7498972317E-05 4.7001055433E-05 4.4104096252E-03 -8.9517560400E-03 -1.5288042551E-04 1.4701144627E-04 8.9518486186E-03 4.4104159189E-03
52.00 1.3315181896E-02 -8.8698475217E-03 -7.3896259640E-05 -8.1203721571E-06 -8.8688096371E-03 1.3314140017E-02 -6.1633040337E-05 -2.9382532394E-06 -4.8753047778E-05 4.8704151394E-05 3.9403434424E-03 -9.1152644283E-03 -1.4683465862E-04 1.4087529818E-04 9.1153553336E-03 3.9403501096E-03
53.00 1.2861718392E-02 -8.1729092885E-03 -7.5214209881E-05 -4.0560003206E-06 -8.1718839978E-03 1.2860689202E-02 -6.3560022270E-05 1.2559494754E-06 -5.0124141045E-05 5.0476101344E-05 3.5858646030E-03 -9.2608433611E-03 -1.4113597301E-04 1.3509915218E-04 9.2609325917E-03 3.5858716140E-03
54.00 1.2491378553E-02 -7.5362054546E-03 -7.6401756099E-05 -4.5306194337E-07 -7.5351929727E-03 1.2490362267E-02 -6.5320583655E-05 4.9887205042E-06 -5.1586200524E-05 5.2293746753E-05 3.3315947422E-03 -9.3880088972E-03 -1.3577855240E-04 1.2967863281E-04 9.3880964526E-03 3.3316020687E-03
55.00 1.2192131024E-02 -6.9611015732E-03 -7.7435976151E-05 2.7185079291E-06 -6.9601020939E-03 1.2191127833E-02 -6.6893130855E-05 8.2886541455E-06 -5.3113664267E-05 5.4134498564E-05 3.1628320563E-03 -9.4963942616E-03 -1.3075402346E-04 1.2460659735E-04 9.4964801423E-03 3.1628396715E-03
56.00 1.1952788200E-02 -6.4481019193E-03 -7.8297244719E-05 5.4899130116E-06 -6.4471156183E-03 1.1951798279E-02 -6.8259496335E-05 1.1185559257E-05 -5.4681805552E-05 5.5976650483E-05 3.0656501019E-03 -9.5857505161E-03 -1.2605182541E-04 1.1987349602E-04 9.5858347233E-03 3.0656579808E-03
57.00 1.1763044021E-02 -5.9969018382E-03 -7.8969339593E-05 7.8929852981E-06 -5.9959288758E-03 1.1762067531E-02 -6.9405028073E-05 1.3709964061E-05 -5.6267039414E-05 5.7799654106E-05 3.0269794612E-03 -9.6559460983E-03 -1.2165956646E-04 1.1546772295E-04 9.6560286335E-03 3.0269875809E-03
58.00 1.1613496214E-02 -5.6064488826E-03 -7.9439476143E-05 9.9597216967E-06 -5.6054894039E-03 1.1612533298E-02 -7.0318606477E-05 1.5892666183E-05 -5.7847187643E-05 5.9584353804E-05 3.0346724330E-03 -9.7069652644E-03 -1.1756336356E-04 1.1137595423E-04 9.7070461298E-03 3.0346807728E-03
59.00 1.1495654109E-02 -5.2750111268E-03 -7.9698275202E-05 1.1721869558E-05 -5.2740652630E-03 1.1494704897E-02 -7.0992594239E-05 1.7764329567E-05 -5.9401700769E-05 6.1313180209E-05 3.0775511435E-03 -9.7389054827E-03 -1.1374816207E-04 1.0758346949E-04 9.7389846807E-03 3.0775596852E-03
60.00 1.1401933294E-02 -5.0002510300E-03 -7.9739670599E-05 1.3210561782E-05 -4.9993188975E-03 1.1400997901E-02 -7.1422725597E-05 1.9355128896E-05 -6.0911836423E-05 6.2970302060E-05 3.1454396944E-03 -9.7519738338E-03 -1.1019803303E-04 1.0407445457E-04 9.7520513674E-03 3.1454484221E-03
61.00 1.1325638471E-02 -4.7793032248E-03 -7.9560763421E-05 1.4456001212E-05 -4.7783849245E-03 1.1324716999E-02 -7.1607942274E-05 2.0694441153E-05 -6.2360794370E-05 6.4541736942E-05 3.2291811513E-03 -9.7464824883E-03 -1.0689644637E-04 1.0083228331E-04 9.7465583608E-03 3.2291900519E-03
62.00 1.1260935954E-02 -4.6088546513E-03 -7.9161630641E-05 1.5487193226E-05 -4.6079502677E-03 1.1260028485E-02 -7.1550183997E-05 2.1810583223E-05 -6.3733809272E-05 6.6015422274E-05 3.3206403491E-03 -9.7228433379E-03 -1.0382651894E-04 9.7839776941E-05 9.7229175531E-03 3.3206494120E-03
63.00 1.1202817276E-02 -4.4852255274E-03 -7.8545096110E-05 1.6331724692E-05 -4.4843351270E-03 1.1201923876E-02 -7.1254141772E-05 2.2730593728E-05 -6.5018202985E-05 6.7381248502E-05 3.4126936254E-03 -9.6815618668E-03 -1.0097123691E-04 9.5079440521E-05 9.6816344295E-03 3.4127028426E-03
64.00 1.1147055407E-02 -4.4044497355E-03 -7.7716472025E-05 1.7015586950E-05 -4.4035733659E-03 1.1146176123E-02 -7.0726982252E-05 2.3480056802E-05 -6.6203398776E-05 6.8631057078E-05 3.4992067081E-03 -9.6232303555E-03 -9.8313652587E-05 9.2533675825E-05 9.6233012710E-03 3.4992160744E-03
65.00 1.1090155032E-02 -4.3623533263E-03 -7.6683278880E-05 1.7563040032E-05 -4.3614910144E-03 1.1089289889E-02 -6.9978051419E-05 2.4082965090E-05 -6.7280900425E-05 6.9758606262E-05 3.5750020643E-03 -9.5485205133E-03 -9.5837056153E-05 9.0184971029E-05 9.5485897877E-03 3.5750115768E-03
66.00 1.1029298317E-02 -4.3546299676E-03 -7.5454951678E-05 1.7996515020E-05 -4.3537817187E-03 1.1028447320E-02 -6.9018565510E-05 2.4561618990E-05 -6.8244239536E-05 7.0759508133E-05 3.6358170743E-03 -9.4581756405E-03 -9.3525123288E-05 8.8016067577E-05 9.4582432812E-03 3.6358267328E-03
67.00 1.0962287519E-02 -4.3769123155E-03 -7.4042539696E-05 1.8336551275E-05 -4.3760781125E-03 1.0961450650E-02 -6.7861296678E-05 2.4936559001E-05 -6.9088894767E-05 7.1631140509E-05 3.6782544240E-03 -9.3530024243E-03 -9.1362039800E-05 8.6010105047E-05 9.3530684396E-03 3.6782642305E-03
68.00 1.0887485701E-02 -4.4248384376E-03 -7.2458406564E-05 1.8601765143E-05 -4.4240182402E-03 1.0886662918E-02 -6.6520260262E-05 2.5226527946E-05 -6.9812186841E-05 7.2372537601E-05 3.6997261114E-03 -9.2338624688E-03 -8.9332604785E-05 8.4150745093E-05 9.2339268684E-03 3.6997360703E-03
69.00 1.0803756716E-02 -4.4941125773E-03 -7.0715936707E-05 1.8808846763E-05 -4.4933063217E-03 1.0802947955E-02 -6.5010409874E-05 2.5448459858E-05 -7.0413153383E-05 7.2984263318E-05 3.6983924426E-03 -9.1016636641E-03 -8.7422313891E-05 8.2422275652E-05 9.1017264591E-03 3.6984025604E-03
70.00 1.0710405524E-02 -4.5805597121E-03 -6.8829253467E-05 1.8972581626E-05 -4.5797673112E-03 1.0709610697E-02 -6.3347345672E-05 2.5617492385E-05 -7.0892407598E-05 7.3468271128E-05 3.6730973534E-03 -8.9573514929E-03 -8.5617424455E-05 8.0809696796E-05 8.9574126957E-03 3.6731076385E-03
71.00 1.0607119754E-02 -4.6801735152E-03 -6.6812953378E-05 1.9105893669E-05 -4.6793948587E-03 1.0606338748E-02 -6.1547040402E-05 2.5746999692E-05 -7.1251984799E-05 7.3827754262E-05 3.6233013287E-03 -8.8019003708E-03 -8.3905004254E-05 7.9298789654E-05 8.8019599954E-03 3.6233117914E-03
72.00 1.0493913332E-02 -4.7891574835E-03 -6.4681860245E-05 1.9219906818E-05 -4.7883924388E-03 1.0493146014E-02 -5.9625586878E-05 2.5848642993E-05 -7.1495180609E-05 7.4066989906E-05 3.5490131175E-03 -8.6363051133E-03 -8.2272965678E-05 7.7876169850E-05 8.6363631756E-03 3.5490237698E-03
73.00 1.0371072835E-02 -4.9039591436E-03 -6.2450801829E-05 1.9324022094E-05 -4.9032075568E-03 1.0370319048E-02 -5.7598969737E-05 2.5932436044E-05 -7.1626384511E-05 7.4191180766E-05 3.4507213503E-03 -8.4615726147E-03 -8.0710087042E-05 7.6529326927E-05 8.4616291320E-03 3.4507322059E-03
74.00 1.0239107127E-02 -5.0212973783E-03 -6.0134411120E-05 1.9426007574E-05 -5.0205590756E-03 1.0238366696E-02 -5.5482863411E-05 2.6006823081E-05 -7.1650912121E-05 7.4206297147E-05 3.3293270623E-03 -8.2787138174E-03 -7.9206022694E-05 7.5246651159E-05 8.2787688089E-03 3.3293381360E-03
75.00 1.0098700698E-02 -5.1381830418E-03 -5.7746953388E-05 1.9532098710E-05 -5.1374578306E-03 1.0097973429E-02 -5.3292457512E-05 2.6078766959E-05 -7.1574839283E-05 7.4118922327E-05 3.1860780175E-03 -8.0887360453E-03 -7.7751303469E-05 7.4017449096E-05 8.0887895319E-03 3.1860893257E-03
76.00 9.9506710022E-03 -5.2519331369E-03 -5.5302179491E-05 1.9647106711E-05 -5.2512208080E-03 9.9499566840E-03 -5.1042310008E-05 2.6153845358E-05 -7.1404840740E-05 7.3936103710E-05 3.0225056147E-03 -7.8926357634E-03 -7.6337328916E-05 7.2831949134E-05 7.8926877680E-03 3.0225171748E-03
77.00 9.7959299993E-03 -5.3601789242E-03 -5.2813205259E-05 1.9774532903E-05 -5.3594792535E-03 9.7952284054E-03 -4.8746227944E-05 2.6236353181E-05 -7.1148035781E-05 7.3665211827E-05 2.8403650347E-03 -7.6913918204E-03 -7.4956352584E-05 7.1681298261E-05 7.6914423676E-03 2.8403768653E-03
78.00 9.6354499807E-03 -5.4608684067E-03 -5.0292416181E-05 1.9916687145E-05 -5.4601811568E-03 9.6347608712E-03 -4.6417174840E-05 2.6329409406E-05 -7.0811842870E-05 7.3313808935E-05 2.6415791756E-03 -7.4859592194E-03 -7.3601461514E-05 7.0557551082E-05 7.4860083359E-03 2.6415912959E-03
79.00 9.4702336854E-03 -5.5522636955E-03 -4.7751396160E-05 2.0074808588E-05 -5.5515886179E-03 9.4695568095E-03 -4.4067203387E-05 2.6435066817E-05 -7.0403844933E-05 7.2889528550E-05 2.4281867992E-03 -7.2772634557E-03 -7.2266550931E-05 6.9453652096E-05 7.2773111699E-03 2.4281992297E-03
80.00 9.3012886242E-03 -5.6329338090E-03 -4.5200878673E-05 2.0249187195E-05 -5.6322706461E-03 9.3006237216E-03 -4.1707411662E-05 2.6554423199E-05 -6.9931666534E-05 7.2399966930E-05 2.2022952083E-03 -7.0661954490E-03 -7.0946295035E-05 6.8363412116E-05 7.0662417912E-03 2.2023079698E-03
81.00 9.1296054612E-03 -5.7017434855E-03 -4.2650718371E-05 2.0439284630E-05 -5.7010919723E-03 9.1289522639E-03 -3.9347920753E-05 2.6687732688E-05 -6.9402863893E-05 7.1852587151E-05 1.9660376582E-03 -6.8536070900E-03 -6.9636114592E-05 6.7281479634E-05 6.8536520926E-03 1.9660507724E-03
82.00 8.9561402483E-03 -5.7578386042E-03 -4.0109880951E-05 2.0643853205E-05 -5.7571984702E-03 8.9554984827E-03 -3.6997871445E-05 2.6834516109E-05 -6.8824828285E-05 7.1254636129E-05 1.7215356152E-03 -6.6403074133E-03 -6.8332141987E-05 6.6203307836E-05 6.6403511104E-03 1.7215491041E-03
83.00 8.7818002597E-03 -5.8006288136E-03 -3.7586448935E-05 2.0861051774E-05 -5.7999997842E-03 8.7811696481E-03 -3.4665437484E-05 2.6993669219E-05 -6.8204703088E-05 7.0613074628E-05 1.4708658763E-03 -6.4270593970E-03 -6.7031184244E-05 6.5125117929E-05 6.4271018248E-03 1.4708797627E-03
84.00 8.6074331414E-03 -5.8297679524E-03 -3.5087641010E-05 2.1088557514E-05 -5.8291497507E-03 8.6068134034E-03 -3.2357852875E-05 2.7163567877E-05 -6.7549314438E-05 6.9934520041E-05 1.2160324890E-03 -6.2145773866E-03 -6.5730684462E-05 6.4043859349E-05 6.2146185831E-03 1.2160467957E-03
85.00 8.4338190648E-03 -5.8451328302E-03 -3.2619842498E-05 2.1323672689E-05 -5.8445251781E-03 8.4332099186E-03 -3.0081450653E-05 2.7342169261E-05 -6.6865115191E-05 6.9225201510E-05 9.5894333126E-04 -6.0035251281E-03 -6.4428682024E-05 6.2957167381E-05 6.0035651332E-03 9.5895808160E-04
86.00 8.2616655604E-03 -5.8468009025E-03 -3.0188644674E-05 2.1563425590E-05 -5.8462035219E-03 8.2610667240E-03 -2.7841710675E-05 2.7527108320E-05 -6.6158141683E-05 6.8490926753E-05 7.0139115664E-04 -5.7945143921E-03 -6.3123771906E-05 6.1863318683E-05 5.7945532478E-03 7.0140637406E-04
87.00 8.0916047037E-03 -5.8350273369E-03 -2.7798890709E-05 2.1804664939E-05 -5.8344399505E-03 8.0910158960E-03 -2.5643314072E-05 2.7715788755E-05 -6.5433982564E-05 6.7737059808E-05 4.4503885339E-04 -5.5881041645E-03 -6.1815063330E-05 6.0761185164E-05 5.5881419143E-03 4.4505456148E-04
88.00 7.9241923240E-03 -5.8102219253E-03 -2.5454726200E-05 2.2044147180E-05 -5.8096442576E-03 7.9236132651E-03 -2.3490202194E-05 2.7905467900E-05 -6.4697758856E-05 6.6968508776E-05 1.9140862741E-04 -5.3848003710E-03 -6.0502138015E-05 5.9650186628E-05 5.3848370607E-03 1.9142484974E-04
89.00 7.7599089195E-03 -5.7729262466E-03 -2.3159652455E-05 2.2278616140E-05 -5.7723580243E-03 7.7593393317E-03 -2.1385638068E-05 2.8093334966E-05 -6.3954114240E-05 6.6189722569E-05 -5.8125212810E-05 -5.1850561032E-03 -5.9185008229E-05 5.8530242607E-05 5.1850917801E-03 -5.8108452719E-05
90.00 7.5991619748E-03 -5.7237914352E-03 -2.0916580872E-05 2.2504874709E-05 -5.7232323877E-03 7.5986015828E-03 -1.9332268639E-05 2.8276582204E-05 -6.3207214514E-05 6.5404695596E-05 -3.0234021264E-04 -4.9892723042E-03 -5.7864074845E-05 5.7401723746E-05 4.9893070175E-03 -3.0232289146E-04
91.00 7.4422893964E-03 -5.6635568575E-03 -1.8727887030E-05 2.2719848239E-05 -5.6630067169E-03 7.4417379278E-03 -1.7332186275E-05 2.8452468644E-05 -6.2460755080E-05 6.4616979293E-05 -5.4016682580E-04 -4.7977988754E-03 -5.6540085593E-05 5.6265403113E-05 4.7978326759E-03 -5.4014892050E-04
92.00 7.2895638041E-03 -5.5930299457E-03 -1.6595463313E-05 2.2920639514E-05 -5.5924884474E-03 7.2890209891E-03 -1.5386988305E-05 2.8618376150E-05 -6.1717975329E-05 6.3829699399E-05 -7.7068692818E-04 -4.6109361579E-03 -5.5214093700E-05 5.5122407791E-05 4.6109690982E-03 -7.7066841610E-04
93.00 7.1411974402E-03 -5.5130673900E-03 -1.4520769128E-05 2.3104575224E-05 -5.5125342722E-03 7.1406630119E-03 -1.3497833580E-05 2.8771857663E-05 -6.0981678745E-05 6.3045577900E-05 -9.9313014994E-04 -4.4289367442E-03 -5.3887417105E-05 5.3974171087E-05 4.4289688783E-03 -9.9311100894E-04
94.00 6.9973474859E-03 -5.4245578359E-03 -1.2504878001E-05 2.3269244004E-05 -5.4240328398E-03 6.9968211804E-03 -1.1665495298E-05 2.8910677569E-05 -6.0254257634E-05 6.2266958603E-05 -1.2068683764E-03 -4.2520075749E-03 -5.2561598446E-05 5.2822385673E-05 4.2520389585E-03 -1.2068485849E-03
95.00 6.8581216014E-03 -5.3284061935E-03 -1.0548521063E-05 2.3412526184E-05 -5.3278890632E-03 6.8576031573E-03 -9.8904095606E-06 2.9032844269E-05 -5.9537721352E-05 6.1495835345E-05 -1.4114087539E-03 -4.0803122737E-03 -5.1238366007E-05 5.1668957981E-05 4.0803429634E-03 -1.4113882912E-03
96.00 6.7235835287E-03 -5.2255196169E-03 -8.6521266034E-06 2.3532615512E-05 -5.2250100991E-03 6.7230726872E-03 -8.1727193438E-06 2.9136635098E-05 -5.8833727051E-05 6.0733881924E-05 -1.6063855188E-03 -3.9139736747E-03 -4.9919595819E-05 5.0515964116E-05 3.9140037289E-03 -1.6063643648E-03
97.00 6.5937586297E-03 -5.1167951787E-03 -6.8158555713E-06 2.3628033192E-05 -5.1162930226E-03 6.5932551342E-03 -6.5123137420E-06 2.9220613850E-05 -5.8143611947E-05 5.9982482917E-05 -1.7915509447E-03 -3.7530765007E-03 -4.8607275099E-05 4.9365607565E-05 3.7531059783E-03 -1.7915290804E-03
98.00 6.4686392475E-03 -5.0031092261E-03 -5.0396330317E-06 2.3697634674E-05 -5.0026141832E-03 6.4681428438E-03 -4.9088625182E-06 2.9283641256E-05 -5.7468426290E-05 5.9242764624E-05 -1.9667656802E-03 -3.5976701467E-03 -4.7303467216E-05 4.8220178939E-05 3.5976991079E-03 -1.9667430875E-03
99.00 6.3481898112E-03 -4.8853083789E-03 -3.3231757330E-06 2.3740609702E-05 -4.8848202027E-03 6.3477002469E-03 -3.3618461269E-06 2.9324878836E-05 -5.6808966223E-05 5.8515625480E-05 -2.1319887207E-03 -3.4477715320E-03 -4.6010278352E-05 4.7082017949E-05 3.4478000375E-03 -2.1319653827E-03
100.00 6.2323516166E-03 -4.7642021025E-03 -1.6660160271E-06 2.3756476200E-05 -4.7637205485E-03 6.2318686412E-03 -1.8705814910E-06 2.9343786621E-05 -5.6165805876E-05 5.7801765367E-05 -2.2872672315E-03 -3.3033679813E-03 -4.4729826018E-05 4.5953477815E-05 3.3033960923E-03 -2.2872431325E-03
101.00 6.1210472420E-03 -4.6405567708E-03 -6.7522474106E-08 2.3745068605E-05 -4.6400815965E-03 6.1205706069E-03 -4.3424390009E-07 2.9340115310E-05 -5.5539328121E-05 5.7101713352E-05 -2.4327264123E-03 -3.1644201013E-03 -4.3464209575E-05 4.4836892244E-05 3.1644478795E-03 -2.4327015377E-03
102.00 6.0141845683E-03 -4.5150911171E-03 1.4730824864E-06 2.3706521334E-05 -4.5146220816E-03 6.0137140266E-03 9.4811453910E-07 2.9313893451E-05 -5.4929753492E-05 5.6415853468E-05 -2.5685595627E-03 -3.0308646223E-03 -4.2215482885E-05 4.3734545111E-05 3.0308921295E-03 -2.5685338995E-03
103.00 5.9116603910E-03 -4.3884729585E-03 2.9567073760E-06 2.3641248062E-05 -4.3880098232E-03 5.9111956978E-03 2.2775494305E-06 2.9265410305E-05 -5.4337166910E-05 5.5744448236E-05 -2.6950184854E-03 -2.9026171757E-03 -4.0985629206E-05 4.2648642926E-05 2.9026444735E-03 -2.6949920216E-03
104.00 5.8133636223E-03 -4.2613170750E-03 4.3843785965E-06 2.3549917525E-05 -4.2608596032E-03 5.8129045347E-03 3.5552111053E-06 2.9195195053E-05 -5.3761541909E-05 5.5087659731E-05 -2.8124043333E-03 -2.7795749837E-03 -3.9776538405E-05 4.1581290148E-05 2.7796021334E-03 -2.8123770586E-03
105.00 5.7191780901E-03 -4.1341841166E-03 5.7572289914E-06 2.3433426548E-05 -4.1337320741E-03 5.7187243675E-03 4.7823336383E-06 2.9103993003E-05 -5.3202762181E-05 5.4445568047E-05 -2.9210589880E-03 -2.6616194407E-03 -3.8589986564E-05 4.0534467370E-05 2.6616465032E-03 -2.9210308934E-03
106.00 5.6289849503E-03 -4.0075804134E-03 7.0764876325E-06 2.3292871008E-05 -4.0071335683E-03 5.6285363548E-03 5.9602253910E-06 2.8992739502E-05 -5.2660640302E-05 5.3818187098E-05 -3.0213570298E-03 -2.5486185691E-03 -3.7427618017E-05 3.9510012382E-05 2.5486456045E-03 -3.0213281077E-03
107.00 5.5426647335E-03 -3.8819585632E-03 8.3434704391E-06 2.3129515390E-05 -3.8815166870E-03 5.5422210302E-03 7.0902606353E-06 2.8862532178E-05 -5.2134933615E-05 5.3205477763E-05 -3.1136983422E-03 -2.4404293343E-03 -3.6290929835E-05 3.8509604072E-05 2.4404564017E-03 -3.1136685865E-03
108.00 5.4600990507E-03 -3.7577186785E-03 9.5595712762E-06 2.2944761590E-05 -3.7572815460E-03 5.4596600082E-03 8.1738718532E-06 2.8714602164E-05 -5.1625357277E-05 5.2607358424E-05 -3.1985013754E-03 -2.3368998104E-03 -3.5181258747E-05 3.7534749124E-05 2.3369269680E-03 -3.1984707813E-03
109.00 5.3811719870E-03 -3.6352101763E-03 1.0726253220E-05 2.2740117556E-05 -3.6347775664E-03 5.3807373778E-03 9.2125423535E-06 2.8550284893E-05 -5.1131594548E-05 5.2023713001E-05 -3.2761970763E-03 -2.2378711876E-03 -3.4099770482E-05 3.6586771421E-05 2.2378984920E-03 -3.2761656405E-03
110.00 5.3057712107E-03 -3.5147340047E-03 1.1845039726E-05 2.2517166328E-05 -3.5143057010E-03 5.3053408125E-03 1.0207798897E-05 2.8370991026E-05 -5.0653304456E-05 5.1454396632E-05 -3.3472234798E-03 -2.1431796164E-03 -3.3047451468E-05 3.5666804072E-05 2.1432071229E-03 -3.3471912002E-03
111.00 5.2337888299E-03 -3.3965452077E-03 1.2917505495E-05 2.2277535967E-05 -3.3961209994E-03 5.2333624256E-03 1.1161204080E-05 2.8178178005E-05 -5.0190127006E-05 5.0899239165E-05 -3.4120209448E-03 -2.0526578883E-03 -3.2025102833E-05 3.4775783932E-05 2.0526856505E-03 -3.4119878209E-03
112.00 5.1651220224E-03 -3.2808557385E-03 1.3945266862E-05 2.2022870812E-05 -3.2804354209E-03 5.1646994013E-03 1.2074348281E-05 2.7973322696E-05 -4.9741686116E-05 5.0358046678E-05 -3.4710280091E-03 -1.9661369521E-03 -3.1033336620E-05 3.3914448494E-05 1.9661650217E-03 -3.4709940417E-03
113.00 5.0996734689E-03 -3.1678374408E-03 1.4929971610E-05 2.1754804448E-05 -3.1674208165E-03 5.0992544276E-03 1.2948841021E-05 2.7757895498E-05 -4.9307590523E-05 4.9830601228E-05 -3.5246778291E-03 -1.8834472683E-03 -3.0072574103E-05 3.3083335004E-05 1.8834756952E-03 -3.5246430202E-03
114.00 5.0373516143E-03 -3.0576251290E-03 1.5873288140E-05 2.1474934691E-05 -3.0572120086E-03 5.0369359576E-03 1.3786301662E-05 2.7533336259E-05 -4.8887432887E-05 4.9316659075E-05 -3.5733951655E-03 -1.8044200069E-03 -2.9143046103E-05 3.2282781647E-05 1.8044488389E-03 -3.5733595186E-03
115.00 4.9780707814E-03 -2.9503197047E-03 1.6776893971E-05 2.1184800842E-05 -2.9499099079E-03 4.9776583233E-03 1.4588349387E-05 2.7301032262E-05 -4.8480787343E-05 4.8815947610E-05 -3.6175938734E-03 -1.7288880942E-03 -2.8244795177E-05 3.1512930638E-05 1.7289173770E-03 -3.6175573931E-03
116.00 4.9217511583E-03 -2.8459912596E-03 1.7642463605E-05 2.0885863409E-05 -2.8455846164E-03 4.9213417230E-03 1.5356592481E-05 2.7062298480E-05 -4.8087205769E-05 4.8328161236E-05 -3.6576748500E-03 -1.6566871154E-03 -2.7377679525E-05 3.0773733047E-05 1.6567168924E-03 -3.6576375424E-03
117.00 4.8683186794E-03 -2.7446821218E-03 1.8471655794E-05 2.0579486415E-05 -2.7442784734E-03 4.8679121027E-03 1.6092616938E-05 2.6818360270E-05 -4.7706213007E-05 4.7852956431E-05 -3.6940243962E-03 -1.5876560819E-03 -2.6541378487E-05 3.0064955194E-05 1.5876863944E-03 -3.6939862687E-03
118.00 4.8177048175E-03 -2.6464098099E-03 1.9266100318E-05 2.0266922366E-05 -2.6460090101E-03 4.8173009480E-03 1.6797974491E-05 2.6570338566E-05 -4.7337301300E-05 4.7389946225E-05 -3.7270129443E-03 -1.5216380720E-03 -2.5735399478E-05 2.9386186421E-05 1.5216689587E-03 -3.7269740057E-03
119.00 4.7698463016E-03 -2.5511698690E-03 2.0027384360E-05 1.9949299916E-05 -2.5507717855E-03 4.7694450015E-03 1.7474170145E-05 2.6319237637E-05 -4.6979924196E-05 4.6938694316E-05 -3.7569941082E-03 -1.4584807548E-03 -2.4959086190E-05 2.8736848076E-05 1.4585122521E-03 -3.7569543688E-03
120.00 4.7246847735E-03 -2.4589385685E-03 2.0757038635E-05 1.9627614190E-05 -2.4585430840E-03 4.7242859207E-03 1.8122649372E-05 2.6065935379E-05 -4.6633490123E-05 4.6498709039E-05 -3.7843040136E-03 -1.3980368066E-03 -2.4211627917E-05 2.8116203530E-05 1.3980689484E-03 -3.7842634852E-03
121.00 4.6821663963E-03 -2.3696754462E-03 2.1456523403E-05 1.9302719695E-05 -2.3692824600E-03 4.6817698850E-03 1.8744785078E-05 2.5811176106E-05 -4.6297355886E-05 4.6069437363E-05 -3.8092608669E-03 -1.3401642305E-03 -2.3492069840E-05 2.7523369050E-05 1.3401970482E-03 -3.8092195629E-03
122.00 4.6422414225E-03 -2.2833256919E-03 2.2127214536E-05 1.8975325739E-05 -2.2829351209E-03 4.6418471651E-03 1.9341864534E-05 2.5555565732E-05 -4.5970820270E-05 4.5650259133E-05 -3.8321647270E-03 -1.2847265890E-03 -2.2799324101E-05 2.6957325356E-05 1.2847601115E-03 -3.8321226625E-03
123.00 4.6048637322E-03 -2.1998223633E-03 2.2770389806E-05 1.8645994196E-05 -2.1994341439E-03 4.6044716606E-03 1.9915076419E-05 2.5299569237E-05 -4.5653117944E-05 4.5240481687E-05 -3.8532974446E-03 -1.2315931586E-03 -2.2132181531E-05 2.6416929702E-05 1.2316274123E-03 -3.8532546367E-03
124.00 4.5699903484E-03 -2.1190884366E-03 2.3387215566E-05 1.8315139482E-05 -2.1187025257E-03 4.5696004152E-03 2.0465498148E-05 2.5043510257E-05 -4.5343413835E-05 4.4839335015E-05 -3.8729227396E-03 -1.1806390169E-03 -2.1489323861E-05 2.5900928322E-05 1.1806740254E-03 -3.8728792074E-03
125.00 4.5375809357E-03 -2.0410386910E-03 2.3978733992E-05 1.7983030548E-05 -2.0406550675E-03 4.5371931157E-03 2.0994083682E-05 2.4787572636E-05 -4.5040798129E-05 4.4445967592E-05 -3.8912863894E-03 -1.1317450707E-03 -2.0869336274E-05 2.5407969077E-05 1.1317808550E-03 -3.8912421540E-03
126.00 4.5075972891E-03 -1.9655814342E-03 2.4545851076E-05 1.7649794716E-05 -1.9652001007E-03 4.5072115811E-03 2.1501651957E-05 2.4531803765E-05 -4.4744282027E-05 4.4059442995E-05 -3.9086165040E-03 -1.0847980333E-03 -2.0270720159E-05 2.4936614189E-05 1.0848346116E-03 -3.9085715888E-03
127.00 4.4800028186E-03 -1.8926200740E-03 2.5089325515E-05 1.7315423141E-05 -1.8922410577E-03 4.4796192463E-03 2.1988876145E-05 2.4276119495E-05 -4.4452794390E-05 4.3678737398E-05 -3.9251238689E-03 -1.0396903603E-03 -1.9691905941E-05 2.4485352896E-05 1.0397277481E-03 -3.9250783000E-03
128.00 4.4547620338E-03 -1.8220545443E-03 2.5609758685E-05 1.6979777720E-05 -1.8216778987E-03 4.4543806471E-03 2.2456273870E-05 2.4020310460E-05 -4.4165179352E-05 4.3302738038E-05 -3.9410023391E-03 -9.9632014995E-04 -1.9131265845E-05 2.4052613948E-05 9.9635835961E-04 -3.9409561452E-03
129.00 4.4318400333E-03 -1.7537825942E-03 2.6107585834E-05 1.6642599222E-05 -1.7534084000E-03 4.4314609098E-03 2.2904198573E-05 2.3764049588E-05 -4.3880195002E-05 4.2930242703E-05 -3.9564292700E-03 -9.5459101588E-04 -1.8587126511E-05 2.3636777804E-05 9.5463005691E-04 -3.9563824827E-03
130.00 4.4112020052E-03 -1.6877009485E-03 2.6583068657E-05 1.6303516469E-05 -1.6873293147E-03 4.4108252511E-03 2.3332832151E-05 2.3506900637E-05 -4.3596513196E-05 4.2559960298E-05 -3.9715659742E-03 -9.1441193842E-04 -1.8057781333E-05 2.3236188462E-05 9.1445181714E-04 -3.9715186279E-03
131.00 4.3928127402E-03 -1.6237063492E-03 2.7036289384E-05 1.5962056365E-05 -1.6233374143E-03 4.3924384911E-03 2.3742179016E-05 2.3248327562E-05 -4.3312720533E-05 4.2190512518E-05 -3.9865581966E-03 -8.7569710010E-04 -1.7541502458E-05 2.2849164838E-05 8.7573781955E-04 -3.9865103292E-03
132.00 4.3766361641E-03 -1.5616964874E-03 2.7467146496E-05 1.5617654602E-05 -1.5613304197E-03 4.3762645861E-03 2.4132061699E-05 2.2987704547E-05 -4.3027320550E-05 4.1820436648E-05 -4.0015366018E-03 -8.3836571064E-04 -1.7036552356E-05 2.2474011630E-05 8.3840727044E-04 -4.0014882545E-03
133.00 4.3626348917E-03 -1.5015708326E-03 2.7875352204E-05 1.5269666895E-05 -1.5012078313E-03 4.3622661816E-03 2.4502118116E-05 2.2724326560E-05 -4.2738737128E-05 4.1448189482E-05 -4.0166172679E-03 -8.0234182601E-04 -1.6541194910E-05 2.2109029630E-05 8.0238422218E-04 -4.0165684853E-03
134.00 4.3507698073E-03 -1.4432313696E-03 2.8260431753E-05 1.4917380578E-05 -1.4428716643E-03 4.3504041929E-03 2.4851800584E-05 2.2457420289E-05 -4.2445319113E-05 4.1072152356E-05 -4.0319021857E-03 -7.6755416574E-04 -1.6053705988E-05 2.1752525451E-05 7.6759739053E-04 -4.0318530162E-03
135.00 4.3409996739E-03 -1.3865832474E-03 2.8621724659E-05 1.4560026458E-05 -1.3862270990E-03 4.3406374144E-03 2.5180376688E-05 2.2186155333E-05 -4.2145346139E-05 4.0690637267E-05 -4.0474797615E-03 -7.3393593192E-04 -1.5572383452E-05 2.1402820655E-05 7.3397997362E-04 -4.0474302571E-03
136.00 4.3332807767E-03 -1.3315353502E-03 2.8958387927E-05 1.4196790804E-05 -1.3311830500E-03 4.3329221617E-03 2.5486932037E-05 2.1909655559E-05 -4.1837035600E-05 4.0301894022E-05 -4.0634253214E-03 -7.0142463298E-04 -1.5095556607E-05 2.1058260286E-05 7.0146947574E-04 -4.0633755381E-03
137.00 4.3275666003E-03 -1.2780007932E-03 2.9269401286E-05 1.3826827371E-05 -1.2776526623E-03 4.3272119499E-03 2.5770374988E-05 2.1627010533E-05 -4.1518550737E-05 3.9904118377E-05 -4.0798016199E-03 -6.6996191489E-04 -1.4621595072E-05 2.0717220834E-05 6.7000753849E-04 -4.0797516175E-03
138.00 4.3238075467E-03 -1.2258973504E-03 2.9553574476E-05 1.3449269399E-05 -1.2255537387E-03 4.3234572099E-03 2.6029443341E-05 2.1337286953E-05 -4.1188009749E-05 3.9495461094E-05 -4.0966593513E-03 -6.3949340163E-04 -1.4148917099E-05 2.0378117642E-05 6.3953978131E-04 -4.0966091934E-03
139.00 4.3219506921E-03 -1.1751478179E-03 2.9809556569E-05 1.3063241517E-05 -1.1748091027E-03 4.3216050454E-03 2.6262713020E-05 2.1039540045E-05 -4.0843495871E-05 3.9074037817E-05 -4.1140376658E-03 -6.0996854678E-04 -1.3675997351E-05 2.0039411816E-05 6.1001565300E-04 -4.1139874199E-03
140.00 4.3219395874E-03 -1.1256803173E-03 3.0035847315E-05 1.2667871494E-05 -1.1253469015E-03 4.3215990333E-03 2.6468608729E-05 2.0732824862E-05 -4.0483068302E-05 3.8637939705E-05 -4.1319646910E-03 -5.8134049714E-04 -1.3201374184E-05 1.9699616683E-05 5.8138829542E-04 -4.1319144285E-03
141.00 4.3237141022E-03 -1.0774285413E-03 3.0230810452E-05 1.2262301820E-05 -1.0771008510E-03 4.3233790666E-03 2.6645416537E-05 2.0416207469E-05 -4.0104773880E-05 3.8185244698E-05 -4.1504580599E-03 -5.5356596928E-04 -1.2723656458E-05 1.9357303848E-05 5.5361442001E-04 -4.1504078559E-03
142.00 4.3272103143E-03 -1.0303319457E-03 3.0392688906E-05 1.1845701076E-05 -1.0300104274E-03 4.3268812437E-03 2.6791298335E-05 2.0088775996E-05 -3.9706659385E-05 3.7714029306E-05 -4.1695254463E-03 -5.2660513916E-04 -1.2241529951E-05 1.9011108939E-05 5.2665419743E-04 -4.1694753793E-03
143.00 4.3323604438E-03 -9.8433588895E-04 3.0519621794E-05 1.1417275073E-05 -9.8402100657E-04 4.3320378025E-03 2.6904308073E-05 1.9749651531E-05 -3.9286784341E-05 3.7222380820E-05 -4.1891651071E-03 -5.0042154475E-04 -1.1753763391E-05 1.8659737076E-05 5.0047116019E-04 -4.1891152591E-03
144.00 4.3390928334E-03 -9.3939172250E-04 3.0609663093E-05 1.0976277755E-05 -9.3908395349E-04 4.3387770993E-03 2.6982409681E-05 1.9397998848E-05 -3.8843234176E-05 3.6708409806E-05 -4.2093664329E-03 -4.7498200112E-04 -1.1259214201E-05 1.8301968163E-05 4.7503211780E-04 -4.2093168891E-03
145.00 4.3473319729E-03 -8.9545683272E-04 3.0660801833E-05 1.0522021837E-05 -8.9515666415E-04 4.3470236339E-03 2.7023496516E-05 1.9033036959E-05 -3.8374133590E-05 3.6170262759E-05 -4.2301105059E-03 -4.5025652714E-04 -1.0756833977E-05 1.7936662044E-05 4.5030708346E-04 -4.2300613544E-03
146.00 4.3569985686E-03 -8.5249463721E-04 3.0670983643E-05 1.0053889165E-05 -8.5220256128E-04 4.3566981178E-03 2.7025412206E-05 1.8654049467E-05 -3.7877660010E-05 3.5606134796E-05 -4.2513706645E-03 -4.2621828244E-04 -1.0245673766E-05 1.7562763595E-05 4.2626921110E-04 -4.2513219960E-03
147.00 4.3680096545E-03 -8.1047453666E-04 3.0638133456E-05 9.5713407887E-06 -8.1019104582E-04 4.3677175856E-03 2.6985972685E-05 1.8260394703E-05 -3.7352056947E-05 3.5014282250E-05 -4.2731130738E-03 -4.0284351335E-04 -9.7248891800E-06 1.7179307803E-05 4.0289474128E-04 -4.2730649812E-03
148.00 4.3802787449E-03 -7.6937182438E-04 3.0560179154E-05 9.0739267010E-06 -7.6909740621E-04 4.3799955469E-03 2.6902989247E-05 1.7851515621E-05 -3.6795647143E-05 3.4393035046E-05 -4.2952973005E-03 -3.8011150564E-04 -9.1937453932E-06 1.6785424868E-05 3.8016295407E-04 -4.2952498787E-03
149.00 4.3937160262E-03 -7.2916755545E-04 3.0435075929E-05 8.5612952273E-06 -7.2890268714E-04 4.3934421780E-03 2.6774292369E-05 1.7426949403E-05 -3.6206845342E-05 3.3740808733E-05 -4.3178768911E-03 -3.5800454244E-04 -8.6516220299E-06 1.6380345356E-05 3.5805612695E-04 -4.3178302364E-03
150.00 4.4082285850E-03 -6.8984837746E-04 3.0260831110E-05 8.0332020056E-06 -6.8959352014E-04 4.4079645496E-03 2.6597756108E-05 1.6986336734E-05 -3.5584170564E-05 3.3056116058E-05 -4.3407999501E-03 -3.3650786477E-04 -8.0980179715E-06 1.5963405421E-05 3.3655949539E-04 -4.3407541600E-03
151.00 4.4237206700E-03 -6.5140632536E-04 3.0035529190E-05 7.4895185092E-06 -6.5116191822E-04 4.4234668886E-03 2.6371322782E-05 1.6529430671E-05 -3.4926257746E-05 3.2337577978E-05 -4.3640097186E-03 -3.1560963256E-04 -7.5325560739E-06 1.5534052079E-05 3.1566121393E-04 -4.3639648911E-03
152.00 4.4400939855E-03 -6.1383858286E-04 2.9757356804E-05 6.9302400387E-06 -6.1360503717E-04 4.4398508717E-03 2.6093027721E-05 1.6056105042E-05 -3.4231868634E-05 3.1583934002E-05 -4.3874451484E-03 -2.9530088357E-04 -6.9549877791E-06 1.5091848526E-05 2.9535231518E-04 -4.3874013816E-03
153.00 4.4572480128E-03 -5.7714721322E-04 2.9424627358E-05 6.3554931059E-06 -5.7692490634E-04 4.4570159464E-03 2.5761023784E-05 1.5566362278E-05 -3.3499901825E-05 3.0794051784E-05 -4.4110414713E-03 -2.7557548798E-04 -6.3651975875E-06 1.4636479444E-05 2.7562666440E-04 -4.4109988633E-03
154.00 4.4750803573E-03 -5.4133886243E-04 2.9035805059E-05 5.7655421126E-06 -5.4112813189E-04 4.4748596785E-03 2.5373605407E-05 1.5060340582E-05 -3.2729401859E-05 2.9966935886E-05 -4.4347307611E-03 -2.5643009603E-04 -5.7632073417E-06 1.4167756247E-05 2.5648090724E-04 -4.4346894090E-03
155.00 4.4934871170E-03 -5.0642443811E-04 2.8589528055E-05 5.1607952254E-06 -5.0622557581E-04 4.4932781206E-03 2.4929231896E-05 1.4538320307E-05 -3.1919567297E-05 2.9101735652E-05 -4.4584424851E-03 -2.3786407658E-04 -5.1491802514E-06 1.3685622170E-05 2.3791440831E-04 -4.4584024848E-03
156.00 4.5123632706E-03 -4.7241876748E-04 2.8084630437E-05 4.5418093286E-06 -4.7223201412E-04 4.5121662001E-03 2.4426549707E-05 1.4000729441E-05 -3.1069757705E-05 2.8197752135E-05 -4.4821040445E-03 -2.1987944441E-04 -4.5234245780E-06 1.3190157124E-05 2.1992917858E-04 -4.4820654900E-03
157.00 4.5316030805E-03 -4.3934023809E-04 2.7520162823E-05 3.9092939383E-06 -4.3916577789E-04 4.5314181235E-03 2.3864413462E-05 1.3448148054E-05 -3.0179499523E-05 2.7254444050E-05 -4.5056413002E-03 -2.0248077435E-04 -3.8863968783E-06 1.2681582185E-05 2.0252978952E-04 -4.5056042834E-03
158.00 4.5511005097E-03 -4.0721042493E-04 2.6895411308E-05 3.2641139498E-06 -4.0704838083E-04 4.5509277924E-03 2.3241905451E-05 1.2881311568E-05 -2.9248490767E-05 2.6271432716E-05 -4.5289790841E-03 -1.8567510070E-04 -3.2387046957E-06 1.2160263595E-05 1.8572327254E-04 -4.5289436941E-03
159.00 4.5707496467E-03 -3.7605370787E-04 2.6209914527E-05 2.6072910923E-06 -3.7590413711E-04 4.5705892299E-03 2.2558353396E-05 1.2301112732E-05 -2.8276604559E-05 2.5248505988E-05 -4.5520416928E-03 -1.6947180047E-04 -2.5811085746E-06 1.1626716144E-05 1.6951900234E-04 -4.5520080156E-03
160.00 4.5904451385E-03 -3.4589688303E-04 2.5463478652E-05 1.9400039653E-06 -3.4575977335E-04 4.5902970134E-03 2.1813346263E-05 1.1708602147E-05 -2.7263891489E-05 2.4185621166E-05 -4.5747533625E-03 -1.5388245968E-04 -1.9145232667E-06 1.1081605762E-05 1.5392856317E-04 -4.5747214805E-03
161.00 4.6100826257E-03 -3.1676877199E-04 2.4656190116E-05 1.2635865346E-06 -3.1664403844E-04 4.6099467111E-03 2.1006747933E-05 1.1104987230E-05 -2.6210580812E-05 2.3082906900E-05 -4.5970387255E-03 -1.3892072202E-04 -1.2400179926E-06 1.0525751200E-05 1.3896559756E-04 -4.5970087172E-03
162.00 4.6295591796E-03 -2.8869983243E-04 2.3788425919E-05 5.7952497981E-07 -2.8858731485E-04 4.6294353193E-03 2.0138708561E-05 1.0491629482E-05 -2.5117080519E-05 2.1940664101E-05 -4.6188232447E-03 -1.2460211982E-04 -5.5881561999E-07 9.9601246118E-06 1.2464563730E-04 -4.6187951840E-03
163.00 4.6487737363E-03 -2.6172177362E-04 2.2860861384E-05 -1.1054720775E-07 -2.6162123492E-04 4.6486616971E-03 1.9209673495E-05 9.8700399817E-06 -2.3983976299E-05 2.0759365896E-05 -4.6400336277E-03 -1.1094388757E-04 1.2770937685E-07 9.3858509183E-06 1.1098591699E-04 -4.6400075842E-03
164.00 4.6676275267E-03 -2.3586718029E-04 2.1874475262E-05 -8.0485595467E-07 -2.3577830547E-04 4.6675269978E-03 1.8220389613E-05 9.2418729902E-06 -2.2812029458E-05 1.9539656638E-05 -4.6605982188E-03 -9.7964758691E-05 8.1803430374E-07 8.8042057866E-06 9.8005170829E-05 -4.6605742567E-03
165.00 4.6860244988E-03 -2.1116914763E-04 2.0830552102E-05 -1.5014952234E-06 -2.1109154364E-04 4.6859350913E-03 1.7171909029E-05 8.6089176333E-06 -2.1602173829E-05 1.8282350031E-05 -4.6804473677E-03 -8.5684746798E-05 1.5104930982E-06 8.2166121129E-06 8.5723413858E-05 -4.6804255462E-03
166.00 4.7038717302E-03 -1.8766093040E-04 1.9730681869E-05 -2.1984375524E-06 -1.8759412682E-04 4.7037929780E-03 1.6065590079E-05 7.9730876072E-06 -2.0355511728E-05 1.6988426393E-05 -4.6995137764E-03 -7.4124912814E-05 2.2032827469E-06 7.6246348865E-06 7.4161709094E-05 -4.6994941491E-03
167.00 4.7210798285E-03 -1.6537560848E-04 1.8576756775E-05 -2.8935465247E-06 -1.6531905910E-04 4.7210111896E-03 1.4903095580E-05 7.3364089104E-06 -1.9073309032E-05 1.5659029098E-05 -4.7177328221E-03 -6.3307120021E-05 2.8944713514E-06 7.0299743485E-06 6.3341922568E-05 -4.7177154370E-03
168.00 4.7375633163E-03 -1.4434577109E-04 1.7370965360E-05 -3.5845911397E-06 -1.4429885623E-04 4.7375041756E-03 1.3686388362E-05 6.7010056260E-06 -1.7756989415E-05 1.4295460243E-05 -4.7350428573E-03 -5.3253779210E-05 3.5820079006E-06 6.4344573769E-06 5.3286468468E-05 -4.7350277566E-03
169.00 4.7532410006E-03 -1.2460322124E-04 1.6115783873E-05 -4.2692620303E-06 -1.2456525096E-04 4.7531906726E-03 1.2417724110E-05 6.0690838167E-06 -1.6408127815E-05 1.2899175571E-05 -4.7513854856E-03 -4.3987586525E-05 4.2637337826E-06 5.8400270628E-06 4.4018046958E-05 -4.7513727056E-03
170.00 4.7680363220E-03 -1.0617870204E-04 1.4813965027E-05 -4.9451894328E-06 -1.0614892011E-04 4.7679940550E-03 1.1099641577E-05 5.4429136291E-06 -1.5028443193E-05 1.1471778697E-05 -4.7667058148E-03 -3.5531256789E-05 4.9373960364E-06 5.2487304704E-06 3.5559377487E-05 -4.7666953859E-03
171.00 4.7818776831E-03 -8.9101645794E-05 1.3468524256E-05 -5.6099627782E-06 -8.9079234371E-05 4.7818426639E-03 9.7349502638E-06 4.8248097408E-06 -1.3619790625E-05 1.0015014649E-05 -4.7809526858E-03 -2.7907255333E-05 5.6006623142E-06 4.6627046097E-06 2.7932930583E-05 -4.7809446324E-03
172.00 4.7946987547E-03 -7.3399946649E-05 1.2082723598E-05 -6.2611517429E-06 -7.3384031639E-05 4.7946701138E-03 8.3267156940E-06 4.2171103229E-06 -1.2184152794E-05 8.5307627878E-06 -4.7940788778E-03 -2.1137531447E-05 6.2511374888E-06 4.0841606852E-06 2.1160661271E-05 -4.7940732185E-03
173.00 4.8064387559E-03 -5.9099757251E-05 1.0660053375E-05 -6.8963285573E-06 -5.9089414264E-05 4.8064155735E-03 6.8782424291E-06 3.6221547218E-06 -1.0723630925E-05 7.0210291027E-06 -4.8060412900E-03 -1.5243256680E-05 6.8863818076E-06 3.5153667199E-06 1.5263747334E-05 -4.8060380376E-03
174.00 4.8170427089E-03 -4.6225309517E-05 9.2042118673E-06 -7.5130913382E-06 -4.6219570338E-05 4.8170240216E-03 5.3930549984E-06 3.0422601016E-06 -9.2404352138E-06 5.4879379308E-06 -4.8168010996E-03 -1.0244571206E-05 7.5039304588E-06 2.9586286898E-06 1.0262335644E-05 -4.8168002612E-03
175.00 4.8264616657E-03 -3.4798759466E-05 7.7190831891E-06 -8.1090881823E-06 -3.4796618954E-05 4.8264464730E-03 3.8748769457E-06 2.4796973181E-06 -7.7368747897E-06 3.9337231170E-06 -4.8263238962E-03 -6.1603414517E-06 8.1013143809E-06 2.4162703392E-06 6.1752997327E-06 -4.8263254733E-03
176.00 4.8346529056E-03 -2.4840055799E-05 6.2087136020E-06 -8.6820417277E-06 -2.4840479117E-05 4.8346401774E-03 2.3276082136E-06 1.9366663221E-06 -6.2153472644E-06 2.3607186432E-06 -4.8345797928E-03 -3.0079320466E-06 8.6760821162E-06 1.8906118792E-06 3.0200117034E-06 -4.8345837818E-03
177.00 4.8415801026E-03 -1.6366831786E-05 4.6772865201E-06 -9.2297738672E-06 -1.6368761871E-05 4.8415687864E-03 7.5530110410E-07 1.4152714144E-06 -4.6783279027E-06 7.7134875444E-07 -4.8415435140E-03 -8.0299501481E-07 9.2258224758E-06 1.3839478036E-06 8.1213137013E-07 -4.8415499059E-03
178.00 4.8472134618E-03 -9.3943198843E-06 3.1290964754E-06 -9.7502302814E-06 -9.3966850575E-06 4.8472024907E-03 -8.3786492448E-07 9.1749669119E-07 -3.1283584646E-06 -8.3188238757E-07 -4.8471944600E-03 4.4072108837E-07 9.7481877613E-06 8.9852408071E-07 -4.3458465431E-07 -4.8472032414E-03
179.00 4.8515298247E-03 -3.9352884710E-06 1.5685223261E-06 -1.0241504440E-05 -3.9370100767E-06 4.8515181249E-03 -2.4476093520E-06 4.4518203394E-07 -1.5680357646E-06 -2.4464014880E-06 -4.8515167497E-03 7.1153965845E-07 1.0240917261E-05 4.3651500374E-07 -7.0845149063E-07 -4.8515279025E-03
180.00 4.8545127421E-03 -6.5052287513E-18 2.4563955470E-20 -1.0701860723E-05 -6.5051973185E-18 4.8544992401E-03 -4.0695772981E-06 -1.4399560103E-20 -1.9481757787E-20 -4.0695772981E-06 -4.8544992401E-03 4.3371436981E-19 1.0701860723E-05 -2.9646153154E-20 -4.3364736818E-19 -4.8545127421E-03
